Level	Amazon	Sorceress	Necromancer	Paladin	Barbarian	Druid	Assassin	ExpRatio
4294967295	255	255	255	255	255	255	255	10
0								5120
1	500	500	500	500	500	500	500	5120
2	750	750	750	750	750	750	750	5120
3	1000	1000	1000	1000	1000	1000	1000	5120
4	1500	1500	1500	1500	1500	1500	1500	5120
5	2000	2000	2000	2000	2000	2000	2000	5120
6	2625	2625	2625	2625	2625	2625	2625	5120
7	3750	3750	3750	3750	3750	3750	3750	5120
8	5813	5813	5813	5813	5813	5813	5813	5120
9	7875	7875	7875	7875	7875	7875	7875	5120
10	11025	11025	11025	11025	11025	11025	11025	5120
11	14175	14175	14175	14175	14175	14175	14175	5120
12	18428	18428	18428	18428	18428	18428	18428	5120
13	22680	22680	22680	22680	22680	22680	22680	5120
14	27783	27783	27783	27783	27783	27783	27783	5120
15	32886	32886	32886	32886	32886	32886	32886	5120
16	38641	38641	38641	38641	38641	38641	38641	5120
17	44396	44396	44396	44396	44396	44396	44396	5120
18	51056	51056	51056	51056	51056	51056	51056	5120
19	57715	57715	57715	57715	57715	57715	57715	5120
20	64930	64930	64930	64930	64930	64930	64930	5120
21	72144	72144	72144	72144	72144	72144	72144	5120
22	81162	81162	81162	81162	81162	81162	81162	5120
23	90180	90180	90180	90180	90180	90180	90180	5120
24	101453	101453	101453	101453	101453	101453	101453	5120
25	112725	112725	112725	112725	112725	112725	112725	5120
26	126816	126816	126816	126816	126816	126816	126816	5120
27	140906	140906	140906	140906	140906	140906	140906	5120
28	158519	158519	158519	158519	158519	158519	158519	5120
29	176132	176132	176132	176132	176132	176132	176132	5120
30	198149	198149	198149	198149	198149	198149	198149	5120
31	220165	220165	220165	220165	220165	220165	220165	5120
32	247686	247686	247686	247686	247686	247686	247686	5120
33	275207	275207	275207	275207	275207	275207	275207	5120
34	309608	309608	309608	309608	309608	309608	309608	5120
35	344008	344008	344008	344008	344008	344008	344008	5120
36	387009	387009	387009	387009	387009	387009	387009	5120
37	430010	430010	430010	430010	430010	430010	430010	5120
38	483762	483762	483762	483762	483762	483762	483762	5120
39	537513	537513	537513	537513	537513	537513	537513	5120
40	604702	604702	604702	604702	604702	604702	604702	5120
41	671891	671891	671891	671891	671891	671891	671891	5120
42	755878	755878	755878	755878	755878	755878	755878	5120
43	839864	839864	839864	839864	839864	839864	839864	5120
44	944847	944847	944847	944847	944847	944847	944847	5120
45	1049830	1049830	1049830	1049830	1049830	1049830	1049830	5120
46	1181059	1181059	1181059	1181059	1181059	1181059	1181059	5120
47	1312287	1312287	1312287	1312287	1312287	1312287	1312287	5120
48	1476323	1476323	1476323	1476323	1476323	1476323	1476323	5120
49	1640359	1640359	1640359	1640359	1640359	1640359	1640359	5120
50	1845404	1845404	1845404	1845404	1845404	1845404	1845404	5120
51	2050449	2050449	2050449	2050449	2050449	2050449	2050449	512
52	2306755	2306755	2306755	2306755	2306755	2306755	2306755	512
53	2563061	2563061	2563061	2563061	2563061	2563061	2563061	512
54	2883444	2883444	2883444	2883444	2883444	2883444	2883444	512
55	3203826	3203826	3203826	3203826	3203826	3203826	3203826	512
56	3553043	3553043	3553043	3553043	3553043	3553043	3553043	512
57	3902260	3902260	3902260	3902260	3902260	3902260	3902260	512
58	4282907	4282907	4282907	4282907	4282907	4282907	4282907	512
59	4663553	4663553	4663553	4663553	4663553	4663553	4663553	512
60	5078458	5078458	5078458	5078458	5078458	5078458	5078458	512
61	5493363	5493363	5493363	5493363	5493363	5493363	5493363	512
62	5945609	5945609	5945609	5945609	5945609	5945609	5945609	512
63	6397855	6397855	6397855	6397855	6397855	6397855	6397855	512
64	6890804	6890804	6890804	6890804	6890804	6890804	6890804	512
65	7383752	7383752	7383752	7383752	7383752	7383752	7383752	512
66	7921066	7921066	7921066	7921066	7921066	7921066	7921066	512
67	8458379	8458379	8458379	8458379	8458379	8458379	8458379	512
68	9044051	9044051	9044051	9044051	9044051	9044051	9044051	512
69	9629723	9629723	9629723	9629723	9629723	9629723	9629723	512
70	10268106	10268106	10268106	10268106	10268106	10268106	10268106	512
71	10906488	10906488	10906488	10906488	10906488	10906488	10906488	512
72	11602325	11602325	11602325	11602325	11602325	11602325	11602325	512
73	12298162	12298162	12298162	12298162	12298162	12298162	12298162	512
74	13056624	13056624	13056624	13056624	13056624	13056624	13056624	512
75	13815086	13815086	13815086	13815086	13815086	13815086	13815086	512
76	14641810	14641810	14641810	14641810	14641810	14641810	14641810	512
77	15468534	15468534	15468534	15468534	15468534	15468534	15468534	512
78	16369663	16369663	16369663	16369663	16369663	16369663	16369663	512
79	17270791	17270791	17270791	17270791	17270791	17270791	17270791	512
80	18253022	18253022	18253022	18253022	18253022	18253022	18253022	512
81	19235252	19235252	19235252	19235252	19235252	19235252	19235252	512
82	20305884	20305884	20305884	20305884	20305884	20305884	20305884	512
83	21376515	21376515	21376515	21376515	21376515	21376515	21376515	512
84	22543503	22543503	22543503	22543503	22543503	22543503	22543503	512
85	23710491	23710491	23710491	23710491	23710491	23710491	23710491	512
86	24982508	24982508	24982508	24982508	24982508	24982508	24982508	512
87	26254525	26254525	26254525	26254525	26254525	26254525	26254525	512
88	27641024	27641024	27641024	27641024	27641024	27641024	27641024	64
89	29027522	29027522	29027522	29027522	29027522	29027522	29027522	16
90	30538805	30538805	30538805	30538805	30538805	30538805	30538805	4
91	32050088	32050088	32050088	32050088	32050088	32050088	32050088	4
92	33697387	33697387	33697387	33697387	33697387	33697387	33697387	4
93	35344686	35344686	35344686	35344686	35344686	35344686	35344686	4
94	37140242	37140242	37140242	37140242	37140242	37140242	37140242	4
95	38935798	38935798	38935798	38935798	38935798	38935798	38935798	4
96	40892954	40892954	40892954	40892954	40892954	40892954	40892954	4
97	41000000	41000000	41000000	41000000	41000000	41000000	41000000	4
98	41500000	41500000	41500000	41500000	41500000	41500000	41500000	4
99	47116709	47116709	47116709	47116709	47116709	47116709	47116709	4
100	51000000	51000000	51000000	51000000	51000000	51000000	51000000	4
101	51767302	51767302	51767302	51767302	51767302	51767302	51767302	4
102	54301876	54301876	54301876	54301876	54301876	54301876	54301876	4
103	56836449	56836449	56836449	56836449	56836449	56836449	56836449	4
104	59599134	59599134	59599134	59599134	59599134	59599134	59599134	4
105	62361819	62361819	62361819	62361819	62361819	62361819	62361819	4
106	65373146	65373146	65373146	65373146	65373146	65373146	65373146	4
107	68384473	68384473	68384473	68384473	68384473	68384473	68384473	4
108	71666819	71666819	71666819	71666819	71666819	71666819	71666819	4
109	74949165	74949165	74949165	74949165	74949165	74949165	74949165	4
110	78526923	78526923	78526923	78526923	78526923	78526923	78526923	4
111	82104680	82104680	82104680	82104680	82104680	82104680	82104680	4
112	86004436	86004436	86004436	86004436	86004436	86004436	86004436	4
113	89904191	89904191	89904191	89904191	89904191	89904191	89904191	4
114	94154925	94154925	94154925	94154925	94154925	94154925	94154925	4
115	98405658	98405658	98405658	98405658	98405658	98405658	98405658	4
116	103038957	103038957	103038957	103038957	103038957	103038957	103038957	4
117	107672256	107672256	107672256	107672256	107672256	107672256	107672256	4
118	112722553	112722553	112722553	112722553	112722553	112722553	112722553	4
119	117772849	117772849	117772849	117772849	117772849	117772849	117772849	4
120	123277672	123277672	123277672	123277672	123277672	123277672	123277672	4
121	128782495	128782495	128782495	128782495	128782495	128782495	128782495	4
122	134782753	134782753	134782753	134782753	134782753	134782753	134782753	4
123	140783010	140783010	140783010	140783010	140783010	140783010	140783010	4
124	147323290	147323290	147323290	147323290	147323290	147323290	147323290	4
125	153863570	153863570	153863570	153863570	153863570	153863570	153863570	4
126	160992476	160992476	160992476	160992476	160992476	160992476	160992476	4
127	168121381	168121381	168121381	168121381	168121381	168121381	168121381	4
128	175891889	175891889	175891889	175891889	175891889	175891889	175891889	4
129	183662396	183662396	183662396	183662396	183662396	183662396	183662396	4
130	192132249	192132249	192132249	192132249	192132249	192132249	192132249	4
131	200602101	200602101	200602101	200602101	200602101	200602101	200602101	4
132	209834241	209834241	209834241	209834241	209834241	209834241	209834241	4
133	219066380	219066380	219066380	219066380	219066380	219066380	219066380	4
134	229129412	229129412	229129412	229129412	229129412	229129412	229129412	4
135	239192444	239192444	239192444	239192444	239192444	239192444	239192444	4
136	250161149	250161149	250161149	250161149	250161149	250161149	250161149	4
137	261129853	261129853	261129853	261129853	261129853	261129853	261129853	4
138	273085742	273085742	273085742	273085742	273085742	273085742	273085742	4
139	285041630	285041630	285041630	285041630	285041630	285041630	285041630	4
140	298073548	298073548	298073548	298073548	298073548	298073548	298073548	4
141	311105466	311105466	311105466	311105466	311105466	311105466	311105466	4
142	325310257	325310257	325310257	325310257	325310257	325310257	325310257	4
143	339515048	339515048	339515048	339515048	339515048	339515048	339515048	4
144	354998270	354998270	354998270	354998270	354998270	354998270	354998270	4
145	370481492	370481492	370481492	370481492	370481492	370481492	370481492	4
146	387358204	387358204	387358204	387358204	387358204	387358204	387358204	4
147	404234916	404234916	404234916	404234916	404234916	404234916	404234916	4
148	422630532	422630532	422630532	422630532	422630532	422630532	422630532	4
149	435000000	435000000	435000000	435000000	435000000	435000000	435000000	4
150	450000000	450000000	450000000	450000000	450000000	450000000	450000000	4
151	475000000	475000000	475000000	475000000	475000000	475000000	475000000	4
152	500000000	500000000	500000000	500000000	500000000	500000000	500000000	4
153	525000000	525000000	525000000	525000000	525000000	525000000	525000000	4
154	550000000	550000000	550000000	550000000	550000000	550000000	550000000	4
155	575000000	575000000	575000000	575000000	575000000	575000000	575000000	4
156	600000000	600000000	600000000	600000000	600000000	600000000	600000000	4
157	625000000	625000000	625000000	625000000	625000000	625000000	625000000	4
158	650000000	650000000	650000000	650000000	650000000	650000000	650000000	4
159	675000000	675000000	675000000	675000000	675000000	675000000	675000000	4
160	700000000	700000000	700000000	700000000	700000000	700000000	700000000	4
161	725000000	725000000	725000000	725000000	725000000	725000000	725000000	4
162	750000000	750000000	750000000	750000000	750000000	750000000	750000000	4
163	775000000	775000000	775000000	775000000	775000000	775000000	775000000	4
164	800000000	800000000	800000000	800000000	800000000	800000000	800000000	4
165	825000000	825000000	825000000	825000000	825000000	825000000	825000000	4
166	850000000	850000000	850000000	850000000	850000000	850000000	850000000	4
167	875000000	875000000	875000000	875000000	875000000	875000000	875000000	4
168	900000000	900000000	900000000	900000000	900000000	900000000	900000000	4
169	925000000	925000000	925000000	925000000	925000000	925000000	925000000	4
170	950000000	950000000	950000000	950000000	950000000	950000000	950000000	4
171	975000000	975000000	975000000	975000000	975000000	975000000	975000000	4
172	1000000000	1000000000	1000000000	1000000000	1000000000	1000000000	1000000000	4
173	1025000000	1025000000	1025000000	1025000000	1025000000	1025000000	1025000000	4
174	1050000000	1050000000	1050000000	1050000000	1050000000	1050000000	1050000000	4
175	1075000000	1075000000	1075000000	1075000000	1075000000	1075000000	1075000000	4
176	1100000000	1100000000	1100000000	1100000000	1100000000	1100000000	1100000000	4
177	1125000000	1125000000	1125000000	1125000000	1125000000	1125000000	1125000000	4
178	1150000000	1150000000	1150000000	1150000000	1150000000	1150000000	1150000000	4
179	1175000000	1175000000	1175000000	1175000000	1175000000	1175000000	1175000000	4
180	1200000000	1200000000	1200000000	1200000000	1200000000	1200000000	1200000000	4
181	1240000000	1240000000	1240000000	1240000000	1240000000	1240000000	1240000000	4
182	1280000000	1280000000	1280000000	1280000000	1280000000	1280000000	1280000000	4
183	1320000000	1320000000	1320000000	1320000000	1320000000	1320000000	1320000000	4
184	1360000000	1360000000	1360000000	1360000000	1360000000	1360000000	1360000000	4
185	1400000000	1400000000	1400000000	1400000000	1400000000	1400000000	1400000000	4
186	1440000000	1440000000	1440000000	1440000000	1440000000	1440000000	1440000000	4
187	1480000000	1480000000	1480000000	1480000000	1480000000	1480000000	1480000000	4
188	1520000000	1520000000	1520000000	1520000000	1520000000	1520000000	1520000000	4
189	1560000000	1560000000	1560000000	1560000000	1560000000	1560000000	1560000000	4
190	1600000000	1600000000	1600000000	1600000000	1600000000	1600000000	1600000000	4
191	1640000000	1640000000	1640000000	1640000000	1640000000	1640000000	1640000000	4
192	1680000000	1680000000	1680000000	1680000000	1680000000	1680000000	1680000000	4
193	1720000000	1720000000	1720000000	1720000000	1720000000	1720000000	1720000000	4
194	1760000000	1760000000	1760000000	1760000000	1760000000	1760000000	1760000000	4
195	1800000000	1800000000	1800000000	1800000000	1800000000	1800000000	1800000000	4
196	1840000000	1840000000	1840000000	1840000000	1840000000	1840000000	1840000000	4
197	1880000000	1880000000	1880000000	1880000000	1880000000	1880000000	1880000000	4
198	1920000000	1920000000	1920000000	1920000000	1920000000	1920000000	1920000000	4
199	1960000000	1960000000	1960000000	1960000000	1960000000	1960000000	1960000000	4
200	2000000000	2000000000	2000000000	2000000000	2000000000	2000000000	2000000000	4
201	2040000000	2040000000	2040000000	2040000000	2040000000	2040000000	2040000000	4
202	2080000000	2080000000	2080000000	2080000000	2080000000	2080000000	2080000000	4
203	2120000000	2120000000	2120000000	2120000000	2120000000	2120000000	2120000000	4
204	2160000000	2160000000	2160000000	2160000000	2160000000	2160000000	2160000000	4
205	2200000000	2200000000	2200000000	2200000000	2200000000	2200000000	2200000000	4
206	2240000000	2240000000	2240000000	2240000000	2240000000	2240000000	2240000000	4
207	2280000000	2280000000	2280000000	2280000000	2280000000	2280000000	2280000000	4
208	2320000000	2320000000	2320000000	2320000000	2320000000	2320000000	2320000000	4
209	2360000000	2360000000	2360000000	2360000000	2360000000	2360000000	2360000000	4
210	2400000000	2400000000	2400000000	2400000000	2400000000	2400000000	2400000000	4
211	2440000000	2440000000	2440000000	2440000000	2440000000	2440000000	2440000000	4
212	2480000000	2480000000	2480000000	2480000000	2480000000	2480000000	2480000000	4
213	2520000000	2520000000	2520000000	2520000000	2520000000	2520000000	2520000000	4
214	2560000000	2560000000	2560000000	2560000000	2560000000	2560000000	2560000000	4
215	2600000000	2600000000	2600000000	2600000000	2600000000	2600000000	2600000000	4
216	2640000000	2640000000	2640000000	2640000000	2640000000	2640000000	2640000000	4
217	2680000000	2680000000	2680000000	2680000000	2680000000	2680000000	2680000000	4
218	2720000000	2720000000	2720000000	2720000000	2720000000	2720000000	2720000000	4
219	2760000000	2760000000	2760000000	2760000000	2760000000	2760000000	2760000000	4
220	2800000000	2800000000	2800000000	2800000000	2800000000	2800000000	2800000000	4
221	2840000000	2840000000	2840000000	2840000000	2840000000	2840000000	2840000000	4
222	2880000000	2880000000	2880000000	2880000000	2880000000	2880000000	2880000000	4
223	2920000000	2920000000	2920000000	2920000000	2920000000	2920000000	2920000000	4
224	2960000000	2960000000	2960000000	2960000000	2960000000	2960000000	2960000000	4
225	3000000000	3000000000	3000000000	3000000000	3000000000	3000000000	3000000000	4
226	3040000000	3040000000	3040000000	3040000000	3040000000	3040000000	3040000000	4
227	3080000000	3080000000	3080000000	3080000000	3080000000	3080000000	3080000000	4
228	3120000000	3120000000	3120000000	3120000000	3120000000	3120000000	3120000000	4
229	3160000000	3160000000	3160000000	3160000000	3160000000	3160000000	3160000000	4
230	3200000000	3200000000	3200000000	3200000000	3200000000	3200000000	3200000000	4
231	3240000000	3240000000	3240000000	3240000000	3240000000	3240000000	3240000000	4
232	3280000000	3280000000	3280000000	3280000000	3280000000	3280000000	3280000000	4
233	3320000000	3320000000	3320000000	3320000000	3320000000	3320000000	3320000000	4
234	3360000000	3360000000	3360000000	3360000000	3360000000	3360000000	3360000000	4
235	3400000000	3400000000	3400000000	3400000000	3400000000	3400000000	3400000000	4
236	3440000000	3440000000	3440000000	3440000000	3440000000	3440000000	3440000000	4
237	3480000000	3480000000	3480000000	3480000000	3480000000	3480000000	3480000000	4
238	3520000000	3520000000	3520000000	3520000000	3520000000	3520000000	3520000000	4
239	3560000000	3560000000	3560000000	3560000000	3560000000	3560000000	3560000000	4
240	3600000000	3600000000	3600000000	3600000000	3600000000	3600000000	3600000000	4
241	3640000000	3640000000	3640000000	3640000000	3640000000	3640000000	3640000000	4
242	3680000000	3680000000	3680000000	3680000000	3680000000	3680000000	3680000000	4
243	3720000000	3720000000	3720000000	3720000000	3720000000	3720000000	3720000000	4
244	3760000000	3760000000	3760000000	3760000000	3760000000	3760000000	3760000000	4
245	3800000000	3800000000	3800000000	3800000000	3800000000	3800000000	3800000000	4
246	3840000000	3840000000	3840000000	3840000000	3840000000	3840000000	3840000000	4
247	3880000000	3880000000	3880000000	3880000000	3880000000	3880000000	3880000000	4
248	3920000000	3920000000	3920000000	3920000000	3920000000	3920000000	3920000000	4
249	3960000000	3960000000	3960000000	3960000000	3960000000	3960000000	3960000000	4
250	4000000000	4000000000	4000000000	4000000000	4000000000	4000000000	4000000000	4
251	4040000000	4040000000	4040000000	4040000000	4040000000	4040000000	4040000000	4
252	4080000000	4080000000	4080000000	4080000000	4080000000	4080000000	4080000000	4
253	4120000000	4120000000	4120000000	4120000000	4120000000	4120000000	4120000000	4
254	4160000000	4160000000	4160000000	4160000000	4160000000	4160000000	4160000000	4
255	4200000000	4200000000	4200000000	4200000000	4200000000	4200000000	4200000000	4
