0	5
	07 05 00 
1	750
	08 ee 02 00 
2	5000
	08 88 13 00 
3	750
	08 ee 02 00 
4	50
	07 32 00 
5	10
	07 0a 00 
6	35
	07 23 00 
7	35
	07 23 00 
8	100
	07 64 00 
9	100
	07 64 00 
10	750
	08 ee 02 00 
11	50
	07 32 00 
12	10
	07 0a 00 
13	192
	08 c0 00 00 
14	30
	07 1e 00 
15	30
	07 1e 00 
16	160
	08 a0 00 00 
17	60
	07 3c 00 
18	60
	07 3c 00 
19	171
	08 ab 00 00 
20	100
	07 64 00 
21	100
	07 64 00 
22	192
	08 c0 00 00 
23	180
	08 b4 00 00 
24	180
	08 b4 00 00 
25	256
	08 00 01 00 
26	320
	08 40 01 00 
27	320
	08 40 01 00 
28	128
	08 80 00 00 
29	20
	07 14 00 
30	20
	07 14 00 
31	128
	08 80 00 00 
32	40
	07 28 00 
33	40
	07 28 00 
34	128
	08 80 00 00 
35	80
	07 50 00 
36	80
	07 50 00 
37	128
	08 80 00 00 
38	150
	08 96 00 00 
39	150
	08 96 00 00 
40	128
	08 80 00 00 
41	250
	08 fa 00 00 
42	250
	08 fa 00 00 
43	1000
	08 e8 03 00 
44	25
	07 19 00 
45	133
	08 85 00 00 
46	1
	07 01 00 
47	134
	08 86 00 00 
48	1
	07 01 00 
49	135
	08 87 00 00 
50	1
	07 01 00 
51	1
	07 01 00 
52	20
	07 14 00 
53	155
	08 9b 00 00 
54	1
	07 01 00 
55	151
	08 97 00 00 
56	1
	07 01 00 
57	182
	08 b6 00 00 
58	1
	07 01 00 
59	174
	08 ae 00 00 
60	0
	07 00 00 
61	132
	08 84 00 00 
62	0
	07 00 00 
63	73
	07 49 00 
64	0
	07 00 00 
65	102
	07 66 00 
66	0
	07 00 00 
67	37
	07 25 00 
68	0
	07 00 00 
69	105
	07 69 00 
70	0
	07 00 00 
71	37
	07 25 00 
72	0
	07 00 00 
73	25
	07 19 00 
74	0
	07 00 00 
75	39
	07 27 00 
76	1
	07 01 00 
77	73
	07 49 00 
78	0
	07 00 00 
79	74
	07 4a 00 
80	0
	07 00 00 
81	49
	07 31 00 
82	0
	07 00 00 
83	102
	07 66 00 
84	0
	07 00 00 
85	173
	08 ad 00 00 
86	0
	07 00 00 
87	132
	08 84 00 00 
88	0
	07 00 00 
89	124
	07 7c 00 
90	0
	07 00 00 
91	184
	08 b8 00 00 
92	0
	07 00 00 
93	149
	08 95 00 00 
94	0
	07 00 00 
95	149
	08 95 00 00 
96	0
	07 00 00 
97	149
	08 95 00 00 
98	0
	07 00 00 
99	149
	08 95 00 00 
100	0
	07 00 00 
101	149
	08 95 00 00 
102	0
	07 00 00 
103	10000000
	09 80 96 98 00 00 
104	138
	08 8a 00 00 
105	1
	07 01 00 
106	140
	08 8c 00 00 
107	1
	07 01 00 
