0	dl12
	04 29 00 
1	dl12
	04 29 00 
2	0
	07 00 00 
3	0
	07 00 00 
4	dl12
	04 29 00 
5	100
	07 64 00 
6	100
	07 64 00 
7	dl12
	04 29 00 
8	skill('sk7'.blvl)*5
	07 07 07 29 01 03 07 05 12 00 
9	skill('sk41'.blvl)*3
	07 29 07 29 01 03 07 03 12 00 
10	lvl*2
	04 12 07 02 12 00 
11	lvl*2
	04 12 07 02 12 00 
12	lvl*2
	04 12 07 02 12 00 
13	lvl*2
	04 12 07 02 12 00 
14	skill('sk225'.blvl)*8
	08 e1 00 07 29 01 03 07 08 12 00 
15	skill('sk280'.blvl)*6
	08 18 01 07 29 01 03 07 06 12 00 
16	skill('sk280'.blvl)*8
	08 18 01 07 29 01 03 07 08 12 00 
17	skill('sk280'.blvl)*8
	08 18 01 07 29 01 03 07 08 12 00 
18	skill('sk259'.blvl)*10
	08 03 01 07 29 01 03 07 0a 12 00 
19	skill('sk259'.blvl)*6
	08 03 01 07 29 01 03 07 06 12 00 
20	skill('sk269'.blvl)*13
	08 0d 01 07 29 01 03 07 0d 12 00 
21	skill('sk274'.blvl)*10
	08 12 01 07 29 01 03 07 0a 12 00 
22	((skill('sk225'.blvl)+skill('sk229'.blvl))+skill('sk244'.blvl))*7
	08 e1 00 07 29 01 03 08 e5 00 07 29 01 03 10 08 f4 00 07 29 01 03 10 07 07 12 00 
23	3
	07 03 00 
24	dl12
	04 29 00 
