0	10
	07 0a 00 
1	1+(lvl-1)*1
	07 01 04 10 07 01 11 07 01 12 10 00 
2	3+(lvl-1)*2
	07 03 04 10 07 01 11 07 02 12 10 00 
3	2
	07 02 00 
4	par8
	04 0f 00 
5	ln56
	04 04 00 
6	-edmn
	04 11 15 00 
7	ln34
	04 02 00 
8	dm12
	04 01 00 
9	ln34
	04 02 00 
10	ln34
	04 02 00 
11	toht
	04 14 00 
12	3+(lvl-1)*2
	07 03 04 10 07 01 11 07 02 12 10 00 
13	2
	07 02 00 
14	par8
	04 0f 00 
15	min(24,ln12)
	07 18 04 00 01 00 00 
16	3
	07 03 00 
17	4
	07 04 00 
18	dm12
	04 01 00 
19	2
	07 02 00 
20	par8
	04 0f 00 
21	par8
	04 0f 00 
22	par8
	04 0f 00 
23	par8
	04 0f 00 
24	2
	07 02 00 
25	par8
	04 0f 00 
26	2
	07 02 00 
27	par8
	04 0f 00 
28	dm12
	04 01 00 
29	ln12
	04 00 00 
30	par6-dm34
	04 0d 04 03 11 00 
31	toht
	04 14 00 
32	ln12
	04 00 00 
33	min(90,par3+stat('is454'.accr)/10)
	07 5a 04 0a 08 c6 01 07 00 01 05 07 0a 13 10 01 00 00 
34	100
	07 64 00 
35	2
	07 02 00 
36	par8
	04 0f 00 
37	par8
	04 0f 00 
38	par8
	04 0f 00 
39	edln
	04 13 00 
40	2
	07 02 00 
41	par8
	04 0f 00 
42	par8
	04 0f 00 
43	par8
	04 0f 00 
44	ln34
	04 02 00 
45	ln34
	04 02 00 
46	ln12
	04 00 00 
47	par1+lvl/par2
	04 08 04 10 04 09 13 10 00 
48	2
	07 02 00 
49	par8
	04 0f 00 
50	par8
	04 0f 00 
51	par8
	04 0f 00 
52	par8
	04 0f 00 
53	toht
	04 14 00 
54	2
	07 02 00 
55	par8
	04 0f 00 
56	ln12
	04 00 00 
57	ln12
	04 00 00 
58	min(lvl+par3,par4)
	04 10 04 0a 10 04 0b 01 00 00 
59	3
	07 03 00 
60	4
	07 04 00 
61	min(90,par3+stat('is455'.accr)/10)
	07 5a 04 0a 08 c7 01 07 00 01 05 07 0a 13 10 01 00 00 
62	2
	07 02 00 
63	par8
	04 0f 00 
64	par8
	04 0f 00 
65	par8
	04 0f 00 
66	ln12
	04 00 00 
67	lvl*par4
	04 10 04 0b 12 00 
68	dm12
	04 01 00 
69	ln34
	04 02 00 
70	ln34
	04 02 00 
71	toht
	04 14 00 
72	edln
	04 13 00 
73	toht
	04 14 00 
74	par1
	04 08 00 
75	2
	07 02 00 
76	par8
	04 0f 00 
77	par7
	04 0e 00 
78	(lvl-1)*par3
	04 10 07 01 11 04 0a 12 00 
79	toht
	04 14 00 
80	par2*(lvl-1)
	04 09 04 10 07 01 11 12 00 
81	par1*(lvl-1)+skill('sk28'.blvl)*par8
	04 08 04 10 07 01 11 12 07 1c 07 29 01 03 04 0f 12 10 00 
82	2
	07 02 00 
83	par8
	04 0f 00 
84	40
	07 28 00 
85	dm12
	04 01 00 
86	min(90,par3+stat('is453'.accr)/10)
	07 5a 04 0a 08 c5 01 07 00 01 05 07 0a 13 10 01 00 00 
87	2
	07 02 00 
88	par8
	04 0f 00 
89	par8
	04 0f 00 
90	par8
	04 0f 00 
91	ln12
	04 00 00 
92	2
	07 02 00 
93	par8
	04 0f 00 
94	par8
	04 0f 00 
95	par8
	04 0f 00 
96	2
	07 02 00 
97	par8
	04 0f 00 
98	par8
	04 0f 00 
99	ln12
	04 00 00 
100	min(24,ln12)
	07 18 04 00 01 00 00 
101	2
	07 02 00 
102	par8
	04 0f 00 
103	min(90,par3+stat('is462'.accr)/10)
	07 5a 04 0a 08 ce 01 07 00 01 05 07 0a 13 10 01 00 00 
104	2
	07 02 00 
105	par8
	04 0f 00 
106	par8
	04 0f 00 
107	par8
	04 0f 00 
108	(ln56*(100+(skill('sk50'.blvl)+skill('sk60'.blvl))*par8))/100
	04 04 07 64 07 32 07 29 01 03 07 3c 07 29 01 03 10 04 0f 12 10 12 07 64 13 00 
109	ln34+(skill('sk50'.blvl)+skill('sk60'.blvl))*par7
	04 02 07 32 07 29 01 03 07 3c 07 29 01 03 10 04 0e 12 10 00 
110	ln12
	04 00 00 
111	2
	07 02 00 
112	(par7+12)/25
	04 0e 07 0c 10 07 19 13 00 
113	par8
	04 0f 00 
114	(par7+12)/25
	04 0e 07 0c 10 07 19 13 00 
115	par8
	04 0f 00 
116	mps
	04 16 00 
117	ln12/4
	04 00 07 04 13 00 
118	par3
	04 0a 00 
119	2
	07 02 00 
120	par8
	04 0f 00 
121	ln12
	04 00 00 
122	par4
	04 0b 00 
123	2
	07 02 00 
124	par8
	04 0f 00 
125	par8
	04 0f 00 
126	edln
	04 13 00 
127	2
	07 02 00 
128	par8
	04 0f 00 
129	par7
	04 0e 00 
130	par8
	04 0f 00 
131	par8
	04 0f 00 
132	2
	07 02 00 
133	par8
	04 0f 00 
134	par7
	04 0e 00 
135	2
	07 02 00 
136	par8
	04 0f 00 
137	par8
	04 0f 00 
138	2
	07 02 00 
139	par8
	04 0f 00 
140	par8
	04 0f 00 
141	par8
	04 0f 00 
142	2
	07 02 00 
143	par8
	04 0f 00 
144	par8
	04 0f 00 
145	par8
	04 0f 00 
146	ln12
	04 00 00 
147	ln34+(skill('sk40'.blvl)+skill('sk60'.blvl))*par7
	04 02 07 28 07 29 01 03 07 3c 07 29 01 03 10 04 0e 12 10 00 
148	2
	07 02 00 
149	(par7+12)/25
	04 0e 07 0c 10 07 19 13 00 
150	par8
	04 0f 00 
151	(par7+12)/25
	04 0e 07 0c 10 07 19 13 00 
152	par8
	04 0f 00 
153	min(90,par3+stat('is464'.accr)/10)
	07 5a 04 0a 08 d0 01 07 00 01 05 07 0a 13 10 01 00 00 
154	2
	07 02 00 
155	par8
	04 0f 00 
156	par8
	04 0f 00 
157	par8
	04 0f 00 
158	toht
	04 14 00 
159	ln12
	04 00 00 
160	2
	07 02 00 
161	par8
	04 0f 00 
162	min(90,par3+stat('is463'.accr)/10)
	07 5a 04 0a 08 cf 01 07 00 01 05 07 0a 13 10 01 00 00 
163	ln34/par5
	04 02 04 0c 13 00 
164	2
	07 02 00 
165	par8
	04 0f 00 
166	par8
	04 0f 00 
167	par8
	04 0f 00 
168	(ln34*(100+skill('sk59'.blvl)*par7))/100
	04 02 07 64 07 3b 07 29 01 03 04 0e 12 10 12 07 64 13 00 
169	ln12
	04 00 00 
170	2
	07 02 00 
171	par8
	04 0f 00 
172	par8
	04 0f 00 
173	par7
	04 0e 00 
174	par8
	04 0f 00 
175	ln12
	04 00 00 
176	2
	07 02 00 
177	par8
	04 0f 00 
178	par8
	04 0f 00 
179	ln12
	04 00 00 
180	min(edmn,95)
	04 11 07 5f 01 00 00 
181	ln12
	04 00 00 
182	2
	07 02 00 
183	2
	07 02 00 
184	par8
	04 0f 00 
185	par8
	04 0f 00 
186	par8
	04 0f 00 
187	ln34+(skill('sk40'.blvl)+skill('sk50'.blvl))*par7
	04 02 07 28 07 29 01 03 07 32 07 29 01 03 10 04 0e 12 10 00 
188	ln12
	04 00 00 
189	2
	07 02 00 
190	(par7+12)/25
	04 0e 07 0c 10 07 19 13 00 
191	par8
	04 0f 00 
192	(par7+12)/25
	04 0e 07 0c 10 07 19 13 00 
193	par8
	04 0f 00 
194	ln12
	04 00 00 
195	ln12
	04 00 00 
196	2
	07 02 00 
197	par8
	04 0f 00 
198	par8
	04 0f 00 
199	ln12
	04 00 00 
200	2
	07 02 00 
201	par8
	04 0f 00 
202	par8
	04 0f 00 
203	par8
	04 0f 00 
204	ln12
	04 00 00 
205	ln34
	04 02 00 
206	ln12
	04 00 00 
207	par5
	04 0c 00 
208	min(ln12,24)
	04 00 07 18 01 00 00 
209	2
	07 02 00 
210	par8
	04 0f 00 
211	par8
	04 0f 00 
212	par8
	04 0f 00 
213	par8
	04 0f 00 
214	min(90,par3+stat('is458'.accr)/10)
	07 5a 04 0a 08 ca 01 07 00 01 05 07 0a 13 10 01 00 00 
215	2
	07 02 00 
216	par8
	04 0f 00 
217	par8
	04 0f 00 
218	par8
	04 0f 00 
219	lvl*par4
	04 10 04 0b 12 00 
220	lvl*par3
	04 10 04 0a 12 00 
221	lvl*par1
	04 10 04 08 12 00 
222	lvl*par2
	04 10 04 09 12 00 
223	lvl*par1
	04 10 04 08 12 00 
224	3
	07 03 00 
225	(lvl<4)?0:(par2*(lvl-3))
	04 10 07 04 0a 07 00 04 09 04 10 07 03 11 12 16 00 
226	skill('sk69'.lvl)*skill('sk69'.par1)
	07 45 07 10 01 03 07 45 07 08 01 03 12 00 
227	5+(lvl+skill('sk69'.lvl))*par5
	07 05 04 10 07 45 07 10 01 03 10 04 0c 12 10 00 
228	5+(lvl+skill('sk69'.lvl))*par4
	07 05 04 10 07 45 07 10 01 03 10 04 0b 12 10 00 
229	(lvl<4)?0:((lvl-3)*par3)
	04 10 07 04 0a 07 00 04 10 07 03 11 04 0a 12 16 00 
230	2
	07 02 00 
231	ln34
	04 02 00 
232	ln12
	04 00 00 
233	ln34
	04 02 00 
234	ln12
	04 00 00 
235	-par5
	04 0c 15 00 
236	toht
	04 14 00 
237	2
	07 02 00 
238	par8
	04 0f 00 
239	par8
	04 0f 00 
240	ln34
	04 02 00 
241	par1
	04 08 00 
242	par2
	04 09 00 
243	dm34
	04 03 00 
244	lvl*par8
	04 10 04 0f 12 00 
245	((100+par1*(lvl-1))*((100+skill('sk79'.ln12))+skill('sk85'.blvl)*skill('sk85'.par8)))/100-100
	07 64 04 08 04 10 07 01 11 12 10 07 64 07 4f 07 00 01 03 10 07 55 07 29 01 03 07 55 07 0f 01 03 12 10 12 07 64 13 07 64 11 00 
246	100+skill('sk90'.lvl)*skill('sk90'.par8)
	07 64 07 5a 07 10 01 03 07 5a 07 0f 01 03 12 10 00 
247	(40+skill('sk79'.ln56))+lvl*par8
	07 28 07 4f 07 04 01 03 10 04 10 04 0f 12 10 00 
248	2
	07 02 00 
249	skill('sk85'.par8)
	07 55 07 0f 01 03 00 
250	skill('sk90'.par8)
	07 5a 07 0f 01 03 00 
251	skill('sk94'.par8)
	07 5e 07 0f 01 03 00 
252	ln12
	04 00 00 
253	ln34
	04 02 00 
254	ln56
	04 04 00 
255	ln34
	04 02 00 
256	ln12
	04 00 00 
257	par2
	04 09 00 
258	par1*(lvl-1)+(skill('sk68'.blvl)+skill('sk88'.blvl))*par8
	04 08 04 10 07 01 11 12 07 44 07 29 01 03 07 58 07 29 01 03 10 04 0f 12 10 00 
259	2
	07 02 00 
260	par8
	04 0f 00 
261	par8
	04 0f 00 
262	dm34
	04 03 00 
263	ln56
	04 04 00 
264	lvl*par1
	04 10 04 08 12 00 
265	3
	07 03 00 
266	(lvl+skill('sk69'.lvl))*par5
	04 10 07 45 07 10 01 03 10 04 0c 12 00 
267	skill('sk69'.lvl)*skill('sk69'.par1)
	07 45 07 10 01 03 07 45 07 08 01 03 12 00 
268	2
	07 02 00 
269	ln34
	04 02 00 
270	ln12
	04 00 00 
271	ln34
	04 02 00 
272	ln12
	04 00 00 
273	ln56
	04 04 00 
274	min(90,par3+stat('is456'.accr)/10)
	07 5a 04 0a 08 c8 01 07 00 01 05 07 0a 13 10 01 00 00 
275	2
	07 02 00 
276	par8
	04 0f 00 
277	par8
	04 0f 00 
278	par8
	04 0f 00 
279	min(90,par3+stat('is457'.accr)/10)
	07 5a 04 0a 08 c9 01 07 00 01 05 07 0a 13 10 01 00 00 
280	2
	07 02 00 
281	par8
	04 0f 00 
282	par8
	04 0f 00 
283	par8
	04 0f 00 
284	dm12
	04 01 00 
285	120+skill('sk90'.lvl)*skill('sk90'.par8)
	07 78 07 5a 07 10 01 03 07 5a 07 0f 01 03 12 10 00 
286	(60+skill('sk79'.ln56))+skill('sk75'.blvl)*skill('sk75'.par8)
	07 3c 07 4f 07 04 01 03 10 07 4b 07 29 01 03 07 4b 07 0f 01 03 12 10 00 
287	skill('sk79'.ln12)
	07 4f 07 00 01 03 00 
288	2
	07 02 00 
289	skill('sk75'.par8)
	07 4b 07 0f 01 03 00 
290	skill('sk90'.par8)
	07 5a 07 0f 01 03 00 
291	skill('sk94'.par8)
	07 5e 07 0f 01 03 00 
292	ln34
	04 02 00 
293	ln12
	04 00 00 
294	ln34
	04 02 00 
295	ln12
	04 00 00 
296	par2
	04 09 00 
297	par1*(lvl-1)+(skill('sk68'.blvl)+skill('sk78'.blvl))*par8
	04 08 04 10 07 01 11 12 07 44 07 29 01 03 07 4e 07 29 01 03 10 04 0f 12 10 00 
298	2
	07 02 00 
299	par8
	04 0f 00 
300	par8
	04 0f 00 
301	dm12
	04 01 00 
302	lvl*par8
	04 10 04 0f 12 00 
303	ln12
	04 00 00 
304	140+lvl*par8
	08 8c 00 04 10 04 0f 12 10 00 
305	(80+skill('sk79'.ln56))+skill('sk75'.blvl)*skill('sk75'.par8)
	07 50 07 4f 07 04 01 03 10 07 4b 07 29 01 03 07 4b 07 0f 01 03 12 10 00 
306	skill('sk79'.ln12)+skill('sk85'.blvl)*skill('sk85'.par8)
	07 4f 07 00 01 03 07 55 07 29 01 03 07 55 07 0f 01 03 12 10 00 
307	2
	07 02 00 
308	skill('sk75'.par8)
	07 4b 07 0f 01 03 00 
309	skill('sk85'.par8)
	07 55 07 0f 01 03 00 
310	skill('sk94'.par8)
	07 5e 07 0f 01 03 00 
311	-dm56
	04 05 15 00 
312	ln34
	04 02 00 
313	ln12
	04 00 00 
314	2
	07 02 00 
315	par8
	04 0f 00 
316	par8
	04 0f 00 
317	par8
	04 0f 00 
318	2
	07 02 00 
319	par8
	04 0f 00 
320	par8
	04 0f 00 
321	par8
	04 0f 00 
322	par8
	04 0f 00 
323	sklvl('sk102'.ln56.edmn)
	07 66 07 04 07 11 01 06 00 
324	sklvl('sk102'.ln56.edmx)
	07 66 07 04 07 12 01 06 00 
325	edmn+sklvl('sk102'.ln56.edmn)*sklvl('sk102'.ln56.par5)
	04 11 07 66 07 04 07 11 01 06 07 66 07 04 07 0c 01 06 12 10 00 
326	edmx+sklvl('sk102'.ln56.edmx)*sklvl('sk102'.ln56.par5)
	04 12 07 66 07 04 07 12 01 06 07 66 07 04 07 0c 01 06 12 10 00 
327	dm12
	04 01 00 
328	200+skill('sk90'.lvl)*skill('sk90'.par8)
	08 c8 00 07 5a 07 10 01 03 07 5a 07 0f 01 03 12 10 00 
329	(120+skill('sk79'.ln56))+skill('sk75'.blvl)*skill('sk75'.par8)
	07 78 07 4f 07 04 01 03 10 07 4b 07 29 01 03 07 4b 07 0f 01 03 12 10 00 
330	skill('sk79'.ln12)+skill('sk85'.blvl)*skill('sk85'.par8)
	07 4f 07 00 01 03 07 55 07 29 01 03 07 55 07 0f 01 03 12 10 00 
331	2
	07 02 00 
332	skill('sk75'.par8)
	07 4b 07 0f 01 03 00 
333	skill('sk85'.par8)
	07 55 07 0f 01 03 00 
334	skill('sk90'.par8)
	07 5a 07 0f 01 03 00 
335	lvl
	04 10 00 
336	skill('sk69'.lvl)*skill('sk69'.par4)
	07 45 07 10 01 03 07 45 07 0b 01 03 12 00 
337	par1+skill('sk69'.lvl)*skill('sk69'.par3)
	04 08 07 45 07 10 01 03 07 45 07 0a 01 03 12 10 00 
338	ln34
	04 02 00 
339	2
	07 02 00 
340	(ln12+skill('sk124'.blvl)*par8)+skill('sk122'.blvl)*par7
	04 00 07 7c 07 29 01 03 04 0f 12 10 07 7a 07 29 01 03 04 0e 12 10 00 
341	(ln12+skill('sk124'.blvl)*par8)+skill('sk122'.blvl)*par7
	04 00 07 7c 07 29 01 03 04 0f 12 10 07 7a 07 29 01 03 04 0e 12 10 00 
342	toht
	04 14 00 
343	par3
	04 0a 00 
344	2
	07 02 00 
345	par8
	04 0f 00 
346	par7
	04 0e 00 
347	min(250,ln12)
	08 fa 00 04 00 01 00 00 
348	ln34
	04 02 00 
349	ln34
	04 02 00 
350	ln12
	04 00 00 
351	edmn
	04 11 00 
352	ln12
	04 00 00 
353	dm34
	04 03 00 
354	ln12
	04 00 00 
355	(ln12*(100+skill('sk99'.blvl)*par7))/100
	04 00 07 64 07 63 07 29 01 03 04 0e 12 10 12 07 64 13 00 
356	(ln34*(100+skill('sk99'.blvl)*par7))/100
	04 02 07 64 07 63 07 29 01 03 04 0e 12 10 12 07 64 13 00 
357	2
	07 02 00 
358	par8
	04 0f 00 
359	par8
	04 0f 00 
360	par7
	04 0e 00 
361	edns
	04 26 00 
362	edxs
	04 27 00 
363	(edns*par5)/256
	04 26 04 0c 12 08 00 01 13 00 
364	(edxs*par5)/256
	04 27 04 0c 12 08 00 01 13 00 
365	ln12
	04 00 00 
366	2
	07 02 00 
367	par8
	04 0f 00 
368	par7
	04 0e 00 
369	ln34
	04 02 00 
370	ln12
	04 00 00 
371	ln34
	04 02 00 
372	ln12
	04 00 00 
373	dm34
	04 03 00 
374	ln12
	04 00 00 
375	((lvl<5)?0:((lvl-4)*par4))+skill('sk96'.blvl)*par8
	04 10 07 05 0a 07 00 04 10 07 04 11 04 0b 12 16 07 60 07 29 01 03 04 0f 12 10 00 
376	min((par5+lvl)-1,par6)
	04 0c 04 10 10 07 01 11 04 0d 01 00 00 
377	((lvl<5)?0:((lvl-4)*par4))+skill('sk96'.blvl)*par8
	04 10 07 05 0a 07 00 04 10 07 04 11 04 0b 12 16 07 60 07 29 01 03 04 0f 12 10 00 
378	toht
	04 14 00 
379	2
	07 02 00 
380	par8
	04 0f 00 
381	ln34+(skill('sk115'.blvl)+skill('sk98'.blvl))*par8
	04 02 07 73 07 29 01 03 07 62 07 29 01 03 10 04 0f 12 10 00 
382	toht
	04 14 00 
383	ln34+(skill('sk115'.blvl)+skill('sk98'.blvl))*par8
	04 02 07 73 07 29 01 03 07 62 07 29 01 03 10 04 0f 12 10 00 
384	2
	07 02 00 
385	par8
	04 0f 00 
386	par8
	04 0f 00 
387	ln34
	04 02 00 
388	ln12
	04 00 00 
389	skill('sk99'.edmn)
	07 63 07 11 01 03 00 
390	dm34
	04 03 00 
391	ln12
	04 00 00 
392	skill('sk99'.edmn)
	07 63 07 11 01 03 00 
393	2
	07 02 00 
394	dm34
	04 03 00 
395	ln12
	04 00 00 
396	toht
	04 14 00 
397	(ln12+skill('sk110'.blvl)*par8)+skill('sk125'.blvl)*par7
	04 00 07 6e 07 29 01 03 04 0f 12 10 07 7d 07 29 01 03 04 0e 12 10 00 
398	(ln12+skill('sk105'.blvl)*par8)+skill('sk125'.blvl)*par7
	04 00 07 69 07 29 01 03 04 0f 12 10 07 7d 07 29 01 03 04 0e 12 10 00 
399	(ln12+skill('sk100'.blvl)*par8)+skill('sk125'.blvl)*par7
	04 00 07 64 07 29 01 03 04 0f 12 10 07 7d 07 29 01 03 04 0e 12 10 00 
400	ln34
	04 02 00 
401	2
	07 02 00 
402	par8
	04 0f 00 
403	par8
	04 0f 00 
404	par8
	04 0f 00 
405	par7
	04 0e 00 
406	min(90,par3+stat('is459'.accr)/10)
	07 5a 04 0a 08 cb 01 07 00 01 05 07 0a 13 10 01 00 00 
407	2
	07 02 00 
408	par8
	04 0f 00 
409	par8
	04 0f 00 
410	par8
	04 0f 00 
411	ln34
	04 02 00 
412	par5
	04 0c 00 
413	ln12
	04 00 00 
414	dm34
	04 03 00 
415	(edns*par5)/256
	04 26 04 0c 12 08 00 01 13 00 
416	(edxs*par5)/256
	04 27 04 0c 12 08 00 01 13 00 
417	ln12
	04 00 00 
418	2
	07 02 00 
419	par8
	04 0f 00 
420	par7
	04 0e 00 
421	ln34
	04 02 00 
422	ln34
	04 02 00 
423	dm56
	04 05 00 
424	ln12
	04 00 00 
425	min(90,par3+stat('is461'.accr)/10)
	07 5a 04 0a 08 cd 01 07 00 01 05 07 0a 13 10 01 00 00 
426	2
	07 02 00 
427	par8
	04 0f 00 
428	par8
	04 0f 00 
429	par8
	04 0f 00 
430	dm56
	04 05 00 
431	ln34+skill('sk104'.blvl)*par8
	04 02 07 68 07 29 01 03 04 0f 12 10 00 
432	ln12
	04 00 00 
433	2
	07 02 00 
434	par8
	04 0f 00 
435	1
	07 01 00 
436	(edxs*par5)/256
	04 27 04 0c 12 08 00 01 13 00 
437	ln12
	04 00 00 
438	2
	07 02 00 
439	par8
	04 0f 00 
440	par7
	04 0e 00 
441	ln34
	04 02 00 
442	ln12
	04 00 00 
443	2
	07 02 00 
444	par8
	04 0f 00 
445	skill('sk99'.edmn)
	07 63 07 11 01 03 00 
446	ln34
	04 02 00 
447	ln12
	04 00 00 
448	skill('sk99'.edmn)
	07 63 07 11 01 03 00 
449	2
	07 02 00 
450	min(90,par3+stat('is460'.accr)/10)
	07 5a 04 0a 08 cc 01 07 00 01 05 07 0a 13 10 01 00 00 
451	2
	07 02 00 
452	par8
	04 0f 00 
453	par8
	04 0f 00 
454	par8
	04 0f 00 
455	toht
	04 14 00 
456	dm34
	04 03 00 
457	ln56
	04 04 00 
458	ln56/2
	04 04 07 02 13 00 
459	ln12
	04 00 00 
460	-min(ln34,80)
	04 02 07 50 01 00 15 00 
461	-dm56
	04 05 15 00 
462	ln12
	04 00 00 
463	ln56
	04 04 00 
464	dm34
	04 03 00 
465	ln12
	04 00 00 
466	dm34
	04 03 00 
467	ln12
	04 00 00 
468	clc1
	04 37 00 
469	ln34
	04 02 00 
470	ln34
	04 02 00 
471	clc1
	04 37 00 
472	toht
	04 14 00 
473	2
	07 02 00 
474	par8
	04 0f 00 
475	par7
	04 0e 00 
476	macr
	04 19 00 
477	math
	04 17 00 
478	madm
	04 18 00 
479	macr
	04 19 00 
480	math
	04 17 00 
481	madm
	04 18 00 
482	macr
	04 19 00 
483	math
	04 17 00 
484	madm
	04 18 00 
485	ln56
	04 04 00 
486	ln34
	04 02 00 
487	dm12
	04 01 00 
488	dm12
	04 01 00 
489	clc1
	04 37 00 
490	usmc/128
	04 2a 08 80 00 13 00 
491	toht
	04 14 00 
492	clc1
	04 37 00 
493	2
	07 02 00 
494	par8
	04 0f 00 
495	macr
	04 19 00 
496	math
	04 17 00 
497	madm
	04 18 00 
498	macr
	04 19 00 
499	math
	04 17 00 
500	madm
	04 18 00 
501	macr
	04 19 00 
502	math
	04 17 00 
503	madm
	04 18 00 
504	ln12
	04 00 00 
505	ln34
	04 02 00 
506	len
	04 36 00 
507	ln12
	04 00 00 
508	2
	07 02 00 
509	par8/25
	04 0f 07 19 13 00 
510	par8/25
	04 0f 07 19 13 00 
511	clc1
	04 37 00 
512	min(250,edln)
	08 fa 00 04 13 01 00 00 
513	toht
	04 14 00 
514	clc1
	04 37 00 
515	2
	07 02 00 
516	par8
	04 0f 00 
517	par7
	04 0e 00 
518	par6
	04 0d 00 
519	usmc/128
	04 2a 08 80 00 13 00 
520	clc1
	04 37 00 
521	2
	07 02 00 
522	par8
	04 0f 00 
523	ln12
	04 00 00 
524	dm12
	04 01 00 
525	clc1
	04 37 00 
526	toht
	04 14 00 
527	clc1
	04 37 00 
528	2
	07 02 00 
529	par8
	04 0f 00 
530	clc1
	04 37 00 
531	clc1
	04 37 00 
532	toht
	04 14 00 
533	ln34
	04 02 00 
534	clc4
	04 3a 00 
535	2
	07 02 00 
536	par8
	04 0f 00 
537	par7
	04 0e 00 
538	1
	07 01 00 
539	ln12
	04 00 00 
540	min(90,par3+stat('is466'.accr)/10)
	07 5a 04 0a 08 d2 01 07 00 01 05 07 0a 13 10 01 00 00 
541	ln12
	04 00 00 
542	2
	07 02 00 
543	par8
	04 0f 00 
544	par8
	04 0f 00 
545	par8
	04 0f 00 
546	clc1
	04 37 00 
547	usmc/128
	04 2a 08 80 00 13 00 
548	(15*(par4-par3))/100+par3
	07 0f 04 0b 04 0a 11 12 07 64 13 04 0a 10 00 
549	dm34
	04 03 00 
550	(15*(par6-par5))/100+par5
	07 0f 04 0d 04 0c 11 12 07 64 13 04 0c 10 00 
551	dm56
	04 05 00 
552	toht
	04 14 00 
553	clc1
	04 37 00 
554	par7
	04 0e 00 
555	clc4
	04 3a 00 
556	2
	07 02 00 
557	par8
	04 0f 00 
558	par8
	04 0f 00 
559	1
	07 01 00 
560	dm12
	04 01 00 
561	ln34
	04 02 00 
562	ln34
	04 02 00 
563	ln34
	04 02 00 
564	len
	04 36 00 
565	2
	07 02 00 
566	par8/25
	04 0f 07 19 13 00 
567	par8/25
	04 0f 07 19 13 00 
568	min(90,par3+stat('is465'.accr)/10)
	07 5a 04 0a 08 d1 01 07 00 01 05 07 0a 13 10 01 00 00 
569	ln12
	04 00 00 
570	2
	07 02 00 
571	par8
	04 0f 00 
572	par8
	04 0f 00 
573	par8
	04 0f 00 
574	clc1
	04 37 00 
575	toht
	04 14 00 
576	clc1
	04 37 00 
577	min(90,par3+stat('is467'.accr)/10)
	07 5a 04 0a 08 d3 01 07 00 01 05 07 0a 13 10 01 00 00 
578	clc1
	04 37 00 
579	2
	07 02 00 
580	par8
	04 0f 00 
581	par8
	04 0f 00 
582	par8
	04 0f 00 
583	dm12
	04 01 00 
584	min(250,ln12)
	08 fa 00 04 00 01 00 00 
585	2
	07 02 00 
586	par8
	04 0f 00 
587	par8
	04 0f 00 
588	par8
	04 0f 00 
589	len
	04 36 00 
590	2
	07 02 00 
591	par8/25
	04 0f 07 19 13 00 
592	par8/25
	04 0f 07 19 13 00 
593	min(lvl,par2)
	04 10 04 09 01 00 00 
594	ln56
	04 04 00 
595	(lvl-1)*par3
	04 10 07 01 11 04 0a 12 00 
596	dm34
	04 03 00 
597	toht
	04 14 00 
598	1000+skill('sk224'.ln12)
	08 e8 03 08 e0 00 07 00 01 03 10 00 
599	par1
	04 08 00 
600	par2+skill('sk224'.ln34)
	04 09 08 e0 00 07 02 01 03 10 00 
601	2
	07 02 00 
602	ln12
	04 00 00 
603	ln34
	04 02 00 
604	2
	07 02 00 
605	par8
	04 0f 00 
606	par8
	04 0f 00 
607	ln78
	04 06 00 
608	ln12
	04 00 00 
609	(lvl-1)*par1
	04 10 07 01 11 04 08 12 00 
610	ln56
	04 04 00 
611	ln12
	04 00 00 
612	min(lvl,par3)
	04 10 04 0a 01 00 00 
613	skill('sk247'.ln12)
	08 f7 00 07 00 01 03 00 
614	(skill('sk237'.lvl)>0)?skill('sk237'.ln12):0
	08 ed 00 07 10 01 03 07 00 0b 08 ed 00 07 00 01 03 07 00 16 00 
615	2
	07 02 00 
616	ln34
	04 02 00 
617	ln12
	04 00 00 
618	1000+skill('sk224'.ln12)
	08 e8 03 08 e0 00 07 00 01 03 10 00 
619	par5+skill('sk224'.ln34)
	04 0c 08 e0 00 07 02 01 03 10 00 
620	2
	07 02 00 
621	2
	07 02 00 
622	par7
	04 0e 00 
623	par8
	04 0f 00 
624	mps
	04 16 00 
625	ln12/4
	04 00 07 04 13 00 
626	par3
	04 0a 00 
627	2
	07 02 00 
628	par8
	04 0f 00 
629	par8
	04 0f 00 
630	dm56
	04 05 00 
631	(lvl-1)*par3
	04 10 07 01 11 04 0a 12 00 
632	ln56
	04 04 00 
633	toht
	04 14 00 
634	ln56
	04 04 00 
635	4
	07 04 00 
636	par2*lvl+8
	04 09 04 10 12 07 08 10 00 
637	19
	07 13 00 
638	((110*(par8+lvl/par7))*(par4-par3))/(100*((par8+lvl/par7)+6))+par3
	07 6e 04 0f 04 10 04 0e 13 10 12 04 0b 04 0a 11 12 07 64 04 0f 04 10 04 0e 13 10 07 06 10 12 13 04 0a 10 00 
639	par1
	04 08 00 
640	toht
	04 14 00 
641	par3
	04 0a 00 
642	par3*(lvl/par7+par8)
	04 0a 04 10 04 0e 13 04 0f 10 12 00 
643	dm56
	04 05 00 
644	par4
	04 0b 00 
645	2
	07 02 00 
646	par8
	04 0f 00 
647	par8
	04 0f 00 
648	(ln12*(100+((skill('sk240'.blvl)+skill('sk245'.blvl))+skill('sk250'.blvl))*par8))/100
	04 00 07 64 08 f0 00 07 29 01 03 08 f5 00 07 29 01 03 10 08 fa 00 07 29 01 03 10 04 0f 12 10 12 07 64 13 00 
649	2
	07 02 00 
650	par8
	04 0f 00 
651	par8
	04 0f 00 
652	par8
	04 0f 00 
653	ln78
	04 06 00 
654	ln34
	04 02 00 
655	ln56
	04 04 00 
656	(lvl-1)*par1
	04 10 07 01 11 04 08 12 00 
657	ln12
	04 00 00 
658	min(lvl,par3)
	04 10 04 0a 01 00 00 
659	skill('sk247'.ln12)
	08 f7 00 07 00 01 03 00 
660	ln12
	04 00 00 
661	skill('sk227'.ln56)
	08 e3 00 07 04 01 03 00 
662	skill('sk227'.ln12)
	08 e3 00 07 00 01 03 00 
663	2
	07 02 00 
664	toht
	04 14 00 
665	2
	07 02 00 
666	par8
	04 0f 00 
667	toht
	04 14 00 
668	2
	07 02 00 
669	par8
	04 0f 00 
670	par8
	04 0f 00 
671	par8
	04 0f 00 
672	par8
	04 0f 00 
673	par2
	04 09 00 
674	2
	07 02 00 
675	par8
	04 0f 00 
676	par8
	04 0f 00 
677	dm56
	04 05 00 
678	(lvl-1)*par3
	04 10 07 01 11 04 0a 12 00 
679	toht
	04 14 00 
680	dm34
	04 03 00 
681	dm12
	04 01 00 
682	par5
	04 0c 00 
683	min(60,par3+stat('is473'.accr)/10)
	07 3c 04 0a 08 d9 01 07 00 01 05 07 0a 13 10 01 00 00 
684	ln12
	04 00 00 
685	2
	07 02 00 
686	par8
	04 0f 00 
687	par8
	04 0f 00 
688	par8
	04 0f 00 
689	2
	07 02 00 
690	par7
	04 0e 00 
691	par8
	04 0f 00 
692	par8
	04 0f 00 
693	2
	07 02 00 
694	par8
	04 0f 00 
695	par8
	04 0f 00 
696	par8
	04 0f 00 
697	ln78
	04 06 00 
698	ln34
	04 02 00 
699	(lvl-1)*par1
	04 10 07 01 11 04 08 12 00 
700	ln12
	04 00 00 
701	ln12
	04 00 00 
702	skill('sk227'.ln56)
	08 e3 00 07 04 01 03 00 
703	skill('sk227'.ln12)
	08 e3 00 07 00 01 03 00 
704	skill('sk237'.ln12)
	08 ed 00 07 00 01 03 00 
705	2
	07 02 00 
706	ln34
	04 02 00 
707	ln34
	04 02 00 
708	toht
	04 14 00 
709	min((par5+lvl)-1,par6)
	04 0c 04 10 10 07 01 11 04 0d 01 00 00 
710	min(60,par3+stat('is472'.accr)/10)
	07 3c 04 0a 08 d8 01 07 00 01 05 07 0a 13 10 01 00 00 
711	ln12+skill('sk234'.blvl)*par7
	04 00 08 ea 00 07 29 01 03 04 0e 12 10 00 
712	2
	07 02 00 
713	2
	07 02 00 
714	par8
	04 0f 00 
715	par8
	04 0f 00 
716	par8
	04 0f 00 
717	min(60,par3+stat('is471'.accr)/10)
	07 3c 04 0a 08 d7 01 07 00 01 05 07 0a 13 10 01 00 00 
718	ln12+skill('sk235'.blvl)*par7
	04 00 08 eb 00 07 29 01 03 04 0e 12 10 00 
719	2
	07 02 00 
720	par8
	04 0f 00 
721	par8
	04 0f 00 
722	par8
	04 0f 00 
723	par1
	04 08 00 
724	2
	07 02 00 
725	par8
	04 0f 00 
726	par8
	04 0f 00 
727	par8
	04 0f 00 
728	par8
	04 0f 00 
729	par8
	04 0f 00 
730	par8
	04 0f 00 
731	macr
	04 19 00 
732	math
	04 17 00 
733	madm
	04 18 00 
734	100
	07 64 00 
735	min(60,par3+stat('is470'.accr)/10)
	07 3c 04 0a 08 d6 01 07 00 01 05 07 0a 13 10 01 00 00 
736	ln12
	04 00 00 
737	2
	07 02 00 
738	par8
	04 0f 00 
739	par8
	04 0f 00 
740	par8
	04 0f 00 
741	toht
	04 14 00 
742	3*ln12
	07 03 04 00 12 00 
743	2*ln12
	07 02 04 00 12 00 
744	ln12
	04 00 00 
745	toht
	04 14 00 
746	ln12
	04 00 00 
747	lvl/6+1
	04 10 07 06 13 07 01 10 00 
748	min(60,par3+stat('is469'.accr)/10)
	07 3c 04 0a 08 d5 01 07 00 01 05 07 0a 13 10 01 00 00 
749	ln12
	04 00 00 
750	2
	07 02 00 
751	par8
	04 0f 00 
752	par8
	04 0f 00 
753	par8
	04 0f 00 
754	3
	07 03 00 
755	8
	07 08 00 
756	ln12
	04 00 00 
757	ln56
	04 04 00 
758	dm12
	04 01 00 
759	dm34
	04 03 00 
760	enma
	04 31 00 
761	exma
	04 32 00 
762	enma
	04 31 00 
763	exma
	04 32 00 
764	enma+(m1eo*50)/256
	04 31 04 2b 07 32 12 08 00 01 13 10 00 
765	exma+(m1ey*50)/256
	04 32 04 2c 07 32 12 08 00 01 13 10 00 
766	toht
	04 14 00 
767	(m1eo*50)/256
	04 2b 07 32 12 08 00 01 13 00 
768	(m1ey*50)/256
	04 2c 07 32 12 08 00 01 13 00 
769	par1
	04 08 00 
770	2
	07 02 00 
771	par8
	04 0f 00 
772	ln12
	04 00 00 
773	toht
	04 14 00 
774	ln12+skill('sk252'.blvl)*par8
	04 00 08 fc 00 07 29 01 03 04 0f 12 10 00 
775	2
	07 02 00 
776	par8
	04 0f 00 
777	ln34+skill('sk256'.blvl)/3
	04 02 08 00 01 07 29 01 03 07 03 13 10 00 
778	par1+skill('sk271'.blvl)/4
	04 08 08 0f 01 07 29 01 03 07 04 13 10 00 
779	2
	07 02 00 
780	3
	07 03 00 
781	4
	07 04 00 
782	par8
	04 0f 00 
783	par8
	04 0f 00 
784	par8
	04 0f 00 
785	par1
	04 08 00 
786	2
	07 02 00 
787	par8
	04 0f 00 
788	par8
	04 0f 00 
789	dm12
	04 01 00 
790	-min(ln56,95)
	04 04 07 5f 01 00 15 00 
791	ln78
	04 06 00 
792	ln34
	04 02 00 
793	dm12
	04 01 00 
794	toht
	04 14 00 
795	2*ln12
	07 02 04 00 12 00 
796	ln12
	04 00 00 
797	ln12
	04 00 00 
798	min(60,par3+stat('is468'.accr)/10)
	07 3c 04 0a 08 d4 01 07 00 01 05 07 0a 13 10 01 00 00 
799	ln12
	04 00 00 
800	2
	07 02 00 
801	par8
	04 0f 00 
802	par8
	04 0f 00 
803	par8
	04 0f 00 
804	ln56
	04 04 00 
805	dm12
	04 01 00 
806	dm34
	04 03 00 
807	(lvl-1)*par3
	04 10 07 01 11 04 0a 12 00 
808	lvl*par2
	04 10 04 09 12 00 
809	(lvl-1)*par1
	04 10 07 01 11 04 08 12 00 
810	enma
	04 31 00 
811	exma
	04 32 00 
812	enma+m2en
	04 31 04 1d 10 00 
813	exma+m2ex
	04 32 04 1e 10 00 
814	(enma+m2en)+m3en
	04 31 04 1d 10 04 20 10 00 
815	(exma+m2ex)+m3ex
	04 32 04 1e 10 04 21 10 00 
816	toht
	04 14 00 
817	m3en
	04 20 00 
818	m3ex
	04 21 00 
819	m2en
	04 1d 00 
820	m2ex
	04 1e 00 
821	2
	07 02 00 
822	par8
	04 0f 00 
823	toht
	04 14 00 
824	ln12
	04 00 00 
825	par3
	04 0a 00 
826	par1
	04 08 00 
827	2
	07 02 00 
828	par8
	04 0f 00 
829	par8
	04 0f 00 
830	par8
	04 0f 00 
831	0
	07 00 00 
832	3
	07 03 00 
833	(edns*25)/768
	04 26 07 19 12 08 00 03 13 00 
834	(edxs*25)/768
	04 27 07 19 12 08 00 03 13 00 
835	par1
	04 08 00 
836	2
	07 02 00 
837	0
	07 00 00 
838	5
	07 05 00 
839	par7
	04 0e 00 
840	par8
	04 0f 00 
841	par7
	04 0e 00 
842	dm56
	04 05 00 
843	min(250,edln)
	08 fa 00 04 13 01 00 00 
844	par3
	04 0a 00 
845	par3+par4
	04 0a 04 0b 10 00 
846	enma
	04 31 00 
847	exma
	04 32 00 
848	enma
	04 31 00 
849	exma
	04 32 00 
850	enma
	04 31 00 
851	exma
	04 32 00 
852	toht
	04 14 00 
853	edln
	04 13 00 
854	par1
	04 08 00 
855	par1
	04 08 00 
856	2
	07 02 00 
857	par8
	04 0f 00 
858	toht
	04 14 00 
859	ln12
	04 00 00 
860	skill('sk312'.par3)+skill('sk312'.par4)*(lvl-1)
	08 38 01 07 0a 01 03 08 38 01 07 0b 01 03 04 10 07 01 11 12 10 00 
861	par1+skill('sk251'.blvl)/3
	04 08 08 fb 00 07 29 01 03 07 03 13 10 00 
862	skill('sk312'.par1)
	08 38 01 07 08 01 03 00 
863	skill('sk312'.par2)
	08 38 01 07 09 01 03 00 
864	2
	07 02 00 
865	3
	07 03 00 
866	par8
	04 0f 00 
867	ln12
	04 00 00 
868	1
	07 01 00 
869	4
	07 04 00 
870	ln12
	04 00 00 
871	(((110*(lvl-1))/(lvl+5))*(par4-par3))/100+par3
	07 6e 04 10 07 01 11 12 04 10 07 05 10 13 04 0b 04 0a 11 12 07 64 13 04 0a 10 00 
872	lvl*par2
	04 10 04 09 12 00 
873	(lvl-1)*par1
	04 10 07 01 11 04 08 12 00 
874	m1en
	04 1a 00 
875	m1ex
	04 1b 00 
876	m2en
	04 1d 00 
877	m2ex
	04 1e 00 
878	m3en
	04 20 00 
879	m3ex
	04 21 00 
880	toht
	04 14 00 
881	m3en
	04 20 00 
882	m3ex
	04 21 00 
883	m2en
	04 1d 00 
884	m2ex
	04 1e 00 
885	(miss('ml567'.edns)*75)/256
	08 37 02 07 16 01 04 07 4b 12 08 00 01 13 00 
886	(miss('ml567'.edxs)*75)/256
	08 37 02 07 17 01 04 07 4b 12 08 00 01 13 00 
887	m1en
	04 1a 00 
888	m1ex
	04 1b 00 
889	2
	07 02 00 
890	10
	07 0a 00 
891	6
	07 06 00 
892	13
	07 0d 00 
893	10
	07 0a 00 
894	min(60,par3+stat('is462'.accr)/10)
	07 3c 04 0a 08 ce 01 07 00 01 05 07 0a 13 10 01 00 00 
895	2
	07 02 00 
896	par8
	04 0f 00 
897	par8
	04 0f 00 
898	par8
	04 0f 00 
899	min(60,par3+stat('is464'.accr)/10)
	07 3c 04 0a 08 d0 01 07 00 01 05 07 0a 13 10 01 00 00 
900	2
	07 02 00 
901	par8
	04 0f 00 
902	par8
	04 0f 00 
903	par8
	04 0f 00 
904	min(60,par3+stat('is463'.accr)/10)
	07 3c 04 0a 08 cf 01 07 00 01 05 07 0a 13 10 01 00 00 
905	2
	07 02 00 
906	par8
	04 0f 00 
907	par8
	04 0f 00 
908	par8
	04 0f 00 
