0	skill('sk16'.blvl)*par8
	07 10 07 29 01 03 04 0f 12 00 
1	ln34
	04 02 00 
2	ln56
	04 04 00 
3	-edmn
	04 11 15 00 
4	dm12
	04 01 00 
5	ln34
	04 02 00 
6	skill('sk21'.blvl)*par8
	07 15 07 29 01 03 04 0f 12 00 
7	min(24,ln12)
	07 18 04 00 01 00 00 
8	par3
	04 0a 00 
9	2
	07 02 00 
10	dm12
	04 01 00 
11	(((skill('sk34'.blvl)+skill('sk20'.blvl))+skill('sk24'.blvl))+skill('sk35'.blvl))*par8
	07 22 07 29 01 03 07 14 07 29 01 03 10 07 18 07 29 01 03 10 07 23 07 29 01 03 10 04 0f 12 00 
12	15
	07 0f 00 
13	skill('sk25'.blvl)*par8
	07 19 07 29 01 03 04 0f 12 00 
14	skill('sk7'.blvl)*par8
	07 07 07 29 01 03 04 0f 12 00 
15	ln34
	04 02 00 
16	ln56
	04 04 00 
17	ln12
	04 00 00 
18	dm12
	04 01 00 
19	ln12
	04 00 00 
20	par6-dm34
	04 0d 04 03 11 00 
21	par5
	04 0c 00 
22	ln56
	04 04 00 
23	min(90,par3+stat('is454'.accr)/10)
	07 5a 04 0a 08 c6 01 07 00 01 05 07 0a 13 10 01 00 00 
24	1
	07 01 00 
25	25
	07 19 00 
26	(((skill('sk15'.blvl)+skill('sk25'.blvl))+skill('sk10'.blvl))+stat('is435'.accr))*par8
	07 0f 07 29 01 03 07 19 07 29 01 03 10 07 0a 07 29 01 03 10 08 b3 01 07 00 01 05 10 04 0f 12 00 
27	skill('sk11'.blvl)*par8
	07 0b 07 29 01 03 04 0f 12 00 
28	skill('sk31'.blvl)*par7
	07 1f 07 29 01 03 04 0e 12 00 
29	ln34
	04 02 00 
30	ln12
	04 00 00 
31	par1+lvl/par2
	04 08 04 10 04 09 13 10 00 
32	(((skill('sk34'.blvl)+skill('sk20'.blvl))+skill('sk14'.blvl))+skill('sk35'.blvl))*par8
	07 22 07 29 01 03 07 14 07 29 01 03 10 07 0e 07 29 01 03 10 07 23 07 29 01 03 10 04 0f 12 00 
33	100
	07 64 00 
34	skill('sk15'.blvl)*par8
	07 0f 07 29 01 03 04 0f 12 00 
35	par5
	04 0c 00 
36	min((par3+lvl)-1,par4)
	04 0a 04 10 10 07 01 11 04 0b 01 00 00 
37	ln12
	04 00 00 
38	2+lvl/4
	07 02 04 10 07 04 13 10 00 
39	ln56
	04 04 00 
40	min(90,par3+stat('is455'.accr)/10)
	07 5a 04 0a 08 c7 01 07 00 01 05 07 0a 13 10 01 00 00 
41	1
	07 01 00 
42	25
	07 19 00 
43	(((skill('sk7'.blvl)+skill('sk16'.blvl))+skill('sk22'.blvl))+stat('is437'.accr))*par8
	07 07 07 29 01 03 07 10 07 29 01 03 10 07 16 07 29 01 03 10 08 b5 01 07 00 01 05 10 04 0f 12 00 
44	min(lvl*par7,85)
	04 10 04 0e 12 07 55 01 00 00 
45	min(lvl*par7,85)
	04 10 04 0e 12 07 55 01 00 00 
46	min(lvl*par7,85)
	04 10 04 0e 12 07 55 01 00 00 
47	min(lvl*par7,85)
	04 10 04 0e 12 07 55 01 00 00 
48	1
	07 01 00 
49	lvl*par4
	04 10 04 0b 12 00 
50	ln12
	04 00 00 
51	par3
	04 0a 00 
52	dm12
	04 01 00 
53	12
	07 0c 00 
54	ln34
	04 02 00 
55	ln56
	04 04 00 
56	min(90,par3+stat('is454'.accr)/10)
	07 5a 04 0a 08 c6 01 07 00 01 05 07 0a 13 10 01 00 00 
57	1
	07 01 00 
58	25
	07 19 00 
59	((skill('sk11'.blvl)+skill('sk21'.blvl))+skill('sk22'.blvl))*par8
	07 0b 07 29 01 03 07 15 07 29 01 03 10 07 16 07 29 01 03 10 04 0f 12 00 
60	lvl*par2
	04 10 04 09 12 00 
61	lvl*par4
	04 10 04 0b 12 00 
62	lvl*3
	04 10 07 03 12 00 
63	lvl*3
	04 10 07 03 12 00 
64	lvl*3
	04 10 07 03 12 00 
65	lvl*3
	04 10 07 03 12 00 
66	par3*(lvl-1)
	04 0a 04 10 07 01 11 12 00 
67	toht
	04 14 00 
68	lvl*3
	04 10 07 03 12 00 
69	lvl*3
	04 10 07 03 12 00 
70	1
	07 01 00 
71	skill('sk13'.blvl)
	07 0d 07 29 01 03 00 
72	skill('sk18'.blvl)
	07 12 07 29 01 03 00 
73	skill('sk29'.blvl)
	07 1d 07 29 01 03 00 
74	skill('sk9'.blvl)
	07 09 07 29 01 03 00 
75	150
	08 96 00 00 
76	par1*(lvl-1)+skill('sk28'.blvl)*par8
	04 08 04 10 07 01 11 12 07 1c 07 29 01 03 04 0f 12 10 00 
77	ln56
	04 04 00 
78	40*lvl+40*skill('sk23'.blvl)
	07 28 04 10 12 07 28 07 17 07 29 01 03 12 10 00 
79	dm12
	04 01 00 
80	ln56
	04 04 00 
81	min(90,par3+stat('is453'.accr)/10)
	07 5a 04 0a 08 c5 01 07 00 01 05 07 0a 13 10 01 00 00 
82	1
	07 01 00 
83	25
	07 19 00 
84	(((skill('sk24'.blvl)+skill('sk14'.blvl))+skill('sk35'.blvl))+stat('is436'.accr))*par8
	07 18 07 29 01 03 07 0e 07 29 01 03 10 07 23 07 29 01 03 10 08 b4 01 07 00 01 05 10 04 0f 12 00 
85	par3
	04 0a 00 
86	ln12
	04 00 00 
87	(((skill('sk24'.blvl)+skill('sk20'.blvl))+skill('sk14'.blvl))+skill('sk34'.blvl))*par8
	07 18 07 29 01 03 07 14 07 29 01 03 10 07 0e 07 29 01 03 10 07 22 07 29 01 03 10 04 0f 12 00 
88	(skill('sk47'.blvl)+skill('sk56'.blvl))*par8
	07 2f 07 29 01 03 07 38 07 29 01 03 10 04 0f 12 00 
89	ln12
	04 00 00 
90	min(24,ln12)
	07 18 04 00 01 00 00 
91	skill('sk49'.blvl)*par8
	07 31 07 29 01 03 04 0f 12 00 
92	500+skill('sk361'.ln12)
	08 f4 01 08 69 01 07 00 01 03 10 00 
93	min(90,par3+stat('is462'.accr)/10)
	07 5a 04 0a 08 ce 01 07 00 01 05 07 0a 13 10 01 00 00 
94	1
	07 01 00 
95	75
	07 4b 00 
96	((skill('sk59'.blvl)+skill('sk45'.blvl))+skill('sk64'.blvl))*par8
	07 3b 07 29 01 03 07 2d 07 29 01 03 10 07 40 07 29 01 03 10 04 0f 12 00 
97	ln34+(skill('sk50'.blvl)+skill('sk60'.blvl))*par7
	04 02 07 32 07 29 01 03 07 3c 07 29 01 03 10 04 0e 12 10 00 
98	ln12
	04 00 00 
99	(ln56*(100+(skill('sk50'.blvl)+skill('sk60'.blvl))*par8))/100
	04 04 07 64 07 32 07 29 01 03 07 3c 07 29 01 03 10 04 0f 12 10 12 07 64 13 00 
100	ln12/4-2
	04 00 07 04 13 07 02 11 00 
101	ln12/2
	04 00 07 02 13 00 
102	20
	07 14 00 
103	skill('sk37'.blvl)*par8
	07 25 07 29 01 03 04 0f 12 00 
104	ln12
	04 00 00 
105	par4
	04 0b 00 
106	par3
	04 0a 00 
107	par1
	04 08 00 
108	(skill('sk59'.blvl)+skill('sk64'.blvl))*par8
	07 3b 07 29 01 03 07 40 07 29 01 03 10 04 0f 12 00 
109	((skill('sk39'.blvl)+skill('sk59'.blvl))+skill('sk64'.blvl))*par8
	07 27 07 29 01 03 07 3b 07 29 01 03 10 07 40 07 29 01 03 10 04 0f 12 00 
110	skill('sk55'.blvl)*par7
	07 37 07 29 01 03 04 0e 12 00 
111	dm12
	04 01 00 
112	skill('sk37'.blvl)*par8+skill('sk51'.blvl)*par7
	07 25 07 29 01 03 04 0f 12 07 33 07 29 01 03 04 0e 12 10 00 
113	(skill('sk36'.blvl)+skill('sk56'.blvl))*par8
	07 24 07 29 01 03 07 38 07 29 01 03 10 04 0f 12 00 
114	((skill('sk57'.blvl)+skill('sk49'.blvl))+skill('sk53'.blvl))*par8
	07 39 07 29 01 03 07 31 07 29 01 03 10 07 35 07 29 01 03 10 04 0f 12 00 
115	((skill('sk38'.blvl)+skill('sk53'.blvl))+skill('sk48'.blvl))*par8
	07 26 07 29 01 03 07 35 07 29 01 03 10 07 30 07 29 01 03 10 04 0f 12 00 
116	ln34+(skill('sk40'.blvl)+skill('sk60'.blvl))*par7
	04 02 07 28 07 29 01 03 07 3c 07 29 01 03 10 04 0e 12 10 00 
117	ln12
	04 00 00 
118	10
	07 0a 00 
119	5
	07 05 00 
120	3
	07 03 00 
121	(skill('sk40'.blvl)+skill('sk60'.blvl))*par8
	07 28 07 29 01 03 07 3c 07 29 01 03 10 04 0f 12 00 
122	50+skill('sk362'.ln12)
	07 32 08 6a 01 07 00 01 03 10 00 
123	min(90,par3+stat('is464'.accr)/10)
	07 5a 04 0a 08 d0 01 07 00 01 05 07 0a 13 10 01 00 00 
124	1
	07 01 00 
125	75
	07 4b 00 
126	((skill('sk36'.blvl)+skill('sk47'.blvl))+skill('sk56'.blvl))*par8
	07 24 07 29 01 03 07 2f 07 29 01 03 10 07 38 07 29 01 03 10 04 0f 12 00 
127	ln12
	04 00 00 
128	enma
	04 31 00 
129	exma
	04 32 00 
130	toht
	04 14 00 
131	skill('sk37'.blvl)*par8
	07 25 07 29 01 03 04 0f 12 00 
132	50+skill('sk363'.ln12)
	07 32 08 6b 01 07 00 01 03 10 00 
133	min(90,par3+stat('is463'.accr)/10)
	07 5a 04 0a 08 cf 01 07 00 01 05 07 0a 13 10 01 00 00 
134	1
	07 01 00 
135	25
	07 19 00 
136	((skill('sk57'.blvl)+skill('sk49'.blvl))+skill('sk48'.blvl))*par8
	07 39 07 29 01 03 07 31 07 29 01 03 10 07 30 07 29 01 03 10 04 0f 12 00 
137	(ln34*(100+skill('sk59'.blvl)*par7))/100
	04 02 07 64 07 3b 07 29 01 03 04 0e 12 10 12 07 64 13 00 
138	ln12
	04 00 00 
139	((skill('sk39'.blvl)+skill('sk45'.blvl))+skill('sk64'.blvl))*par8
	07 27 07 29 01 03 07 2d 07 29 01 03 10 07 40 07 29 01 03 10 04 0f 12 00 
140	ln12
	04 00 00 
141	6
	07 06 00 
142	ln12
	04 00 00 
143	(skill('sk36'.blvl)+skill('sk47'.blvl))*par8
	07 24 07 29 01 03 07 2f 07 29 01 03 10 04 0f 12 00 
144	ln12
	04 00 00 
145	1
	07 01 00 
146	skill('sk63'.blvl)*par8
	07 3f 07 29 01 03 04 0f 12 00 
147	ln12
	04 00 00 
148	min(edmn,95)
	04 11 07 5f 01 00 00 
149	par5
	04 0c 00 
150	6
	07 06 00 
151	par1
	04 08 00 
152	par3
	04 0a 00 
153	((skill('sk39'.blvl)+skill('sk45'.blvl))+skill('sk64'.blvl))*par8
	07 27 07 29 01 03 07 2d 07 29 01 03 10 07 40 07 29 01 03 10 04 0f 12 00 
154	ln34+(skill('sk40'.blvl)+skill('sk50'.blvl))*par7
	04 02 07 28 07 29 01 03 07 32 07 29 01 03 10 04 0e 12 10 00 
155	ln12
	04 00 00 
156	(skill('sk40'.blvl)+skill('sk50'.blvl))*par8
	07 28 07 29 01 03 07 32 07 29 01 03 10 04 0f 12 00 
157	ln12
	04 00 00 
158	stat('is329'.accr)
	08 49 01 07 00 01 05 00 
159	stat('is333'.accr)
	08 4d 01 07 00 01 05 00 
160	6
	07 06 00 
161	lvl
	04 10 00 
162	skill('sk36'.blvl)
	07 24 07 29 01 03 00 
163	skill('sk47'.blvl)
	07 2f 07 29 01 03 00 
164	1
	07 01 00 
165	(skill('sk36'.blvl)+skill('sk47'.blvl))*par8
	07 24 07 29 01 03 07 2f 07 29 01 03 10 04 0f 12 00 
166	ln12
	04 00 00 
167	1
	07 01 00 
168	((skill('sk36'.blvl)+skill('sk45'.blvl))+skill('sk59'.blvl))*par8
	07 24 07 29 01 03 07 2d 07 29 01 03 10 07 3b 07 29 01 03 10 04 0f 12 00 
169	ln12
	04 00 00 
170	ln34
	04 02 00 
171	ln34
	04 02 00 
172	ln12
	04 00 00 
173	-par5
	04 0c 15 00 
174	min(ln12,24)
	04 00 07 18 01 00 00 
175	par3
	04 0a 00 
176	(((skill('sk78'.blvl)+skill('sk88'.blvl))+skill('sk84'.blvl))+skill('sk93'.blvl))*par8
	07 4e 07 29 01 03 07 58 07 29 01 03 10 07 54 07 29 01 03 10 07 5d 07 29 01 03 10 04 0f 12 00 
177	ln56
	04 04 00 
178	min(90,par3+stat('is458'.accr)/10)
	07 5a 04 0a 08 ca 01 07 00 01 05 07 0a 13 10 01 00 00 
179	3
	07 03 00 
180	75
	07 4b 00 
181	(((skill('sk70'.blvl)+skill('sk80'.blvl))+skill('sk95'.blvl))+stat('is440'.accr))*par8
	07 46 07 29 01 03 07 50 07 29 01 03 10 07 5f 07 29 01 03 10 08 b8 01 07 00 01 05 10 04 0f 12 00 
182	(lvl<4)?0:((lvl-3)*par3)
	04 10 07 04 0a 07 00 04 10 07 03 11 04 0a 12 16 00 
183	(lvl+skill('sk69'.lvl))*par4
	04 10 07 45 07 10 01 03 10 04 0b 12 00 
184	(lvl+skill('sk69'.lvl))*par5
	04 10 07 45 07 10 01 03 10 04 0c 12 00 
185	(skill('sk69'.lvl)*skill('sk69'.par1))*256
	07 45 07 10 01 03 07 45 07 08 01 03 12 08 00 01 12 00 
186	skill('sk69'.lvl)*skill('sk69'.par2)+edmn
	07 45 07 10 01 03 07 45 07 09 01 03 12 04 11 10 00 
187	85
	07 55 00 
188	85
	07 55 00 
189	3
	07 03 00 
190	(lvl<4)?0:(par2*(lvl-3))
	04 10 07 04 0a 07 00 04 09 04 10 07 03 11 12 16 00 
191	ln34
	04 02 00 
192	ln12
	04 00 00 
193	ln34
	04 02 00 
194	ln12
	04 00 00 
195	-par5
	04 0c 15 00 
196	ln34
	04 02 00 
197	par1
	04 08 00 
198	par2
	04 09 00 
199	par5
	04 0c 00 
200	dm34
	04 03 00 
201	skill('sk79'.dm34)
	07 4f 07 03 01 03 00 
202	skill('sk79'.ln56)+lvl*par8
	07 4f 07 04 01 03 04 10 04 0f 12 10 00 
203	par2*(lvl-1)+skill('sk94'.blvl)*skill('sk94'.par8)
	04 09 04 10 07 01 11 12 07 5e 07 29 01 03 07 5e 07 0f 01 03 12 10 00 
204	skill('sk90'.blvl)*skill('sk90'.par8)
	07 5a 07 29 01 03 07 5a 07 0f 01 03 12 00 
205	1
	07 01 00 
206	((100+par1*(lvl-1))*((100+skill('sk79'.ln12))+skill('sk85'.blvl)*skill('sk85'.par8)))/100-100
	07 64 04 08 04 10 07 01 11 12 10 07 64 07 4f 07 00 01 03 10 07 55 07 29 01 03 07 55 07 0f 01 03 12 10 12 07 64 13 07 64 11 00 
207	ln34
	04 02 00 
208	ln12
	04 00 00 
209	ln56
	04 04 00 
210	ln56/4
	04 04 07 04 13 00 
211	ln56/4
	04 04 07 04 13 00 
212	ln34
	04 02 00 
213	ln12
	04 00 00 
214	par1*(lvl-1)+(skill('sk68'.blvl)+skill('sk88'.blvl))*par8
	04 08 04 10 07 01 11 12 07 44 07 29 01 03 07 58 07 29 01 03 10 04 0f 12 10 00 
215	par3
	04 0a 00 
216	(lvl+skill('sk69'.lvl))*par5
	04 10 07 45 07 10 01 03 10 04 0c 12 00 
217	(skill('sk69'.lvl)*skill('sk69'.par1))*256
	07 45 07 10 01 03 07 45 07 08 01 03 12 08 00 01 12 00 
218	stat('is332'.accr)
	08 4c 01 07 00 01 05 00 
219	stat('is336'.accr)
	08 50 01 07 00 01 05 00 
220	85
	07 55 00 
221	85
	07 55 00 
222	3
	07 03 00 
223	skill('sk92'.lvl)
	07 5c 07 10 01 03 00 
224	skill('sk73'.blvl)
	07 49 07 29 01 03 00 
225	skill('sk83'.blvl)
	07 53 07 29 01 03 00 
226	(lvl<4)?0:(par2*(lvl-3))
	04 10 07 04 0a 07 00 04 09 04 10 07 03 11 12 16 00 
227	ln34
	04 02 00 
228	ln12
	04 00 00 
229	ln34
	04 02 00 
230	ln12
	04 00 00 
231	ln56
	04 04 00 
232	ln12
	04 00 00 
233	min(90,par3+stat('is456'.accr)/10)
	07 5a 04 0a 08 c8 01 07 00 01 05 07 0a 13 10 01 00 00 
234	3
	07 03 00 
235	75
	07 4b 00 
236	(((skill('sk73'.blvl)+skill('sk92'.blvl))+skill('sk78'.blvl))+stat('is438'.accr))*par8
	07 49 07 29 01 03 07 5c 07 29 01 03 10 07 4e 07 29 01 03 10 08 b6 01 07 00 01 05 10 04 0f 12 00 
237	ln12
	04 00 00 
238	min(90,par3+stat('is457'.accr)/10)
	07 5a 04 0a 08 c9 01 07 00 01 05 07 0a 13 10 01 00 00 
239	1
	07 01 00 
240	75
	07 4b 00 
241	(((skill('sk88'.blvl)+skill('sk67'.blvl))+skill('sk93'.blvl))+stat('is439'.accr))*par8
	07 58 07 29 01 03 07 43 07 29 01 03 10 07 5d 07 29 01 03 10 08 b7 01 07 00 01 05 10 04 0f 12 00 
242	skill('sk79'.dm34)
	07 4f 07 03 01 03 00 
243	skill('sk79'.ln56)+skill('sk75'.blvl)*skill('sk75'.par8)
	07 4f 07 04 01 03 07 4b 07 29 01 03 07 4b 07 0f 01 03 12 10 00 
244	par4*(lvl-1)+skill('sk94'.blvl)*skill('sk94'.par8)
	04 0b 04 10 07 01 11 12 07 5e 07 29 01 03 07 5e 07 0f 01 03 12 10 00 
245	skill('sk90'.blvl)*skill('sk90'.par8)
	07 5a 07 29 01 03 07 5a 07 0f 01 03 12 00 
246	1
	07 01 00 
247	skill('sk79'.ln12)
	07 4f 07 00 01 03 00 
248	ln34
	04 02 00 
249	ln12
	04 00 00 
250	ln34
	04 02 00 
251	ln12
	04 00 00 
252	par5
	04 0c 00 
253	par5
	04 0c 00 
254	par5
	04 0c 00 
255	par5
	04 0c 00 
256	par1*(lvl-1)+(skill('sk68'.blvl)+skill('sk78'.blvl))*par8
	04 08 04 10 07 01 11 12 07 44 07 29 01 03 07 4e 07 29 01 03 10 04 0f 12 10 00 
257	dm12
	04 01 00 
258	ln12
	04 00 00 
259	16
	07 10 00 
260	skill('sk79'.dm34)
	07 4f 07 03 01 03 00 
261	skill('sk79'.ln56)+skill('sk75'.blvl)*skill('sk75'.par8)
	07 4f 07 04 01 03 07 4b 07 29 01 03 07 4b 07 0f 01 03 12 10 00 
262	lvl*par8
	04 10 04 0f 12 00 
263	skill('sk94'.blvl)*skill('sk94'.par8)
	07 5e 07 29 01 03 07 5e 07 0f 01 03 12 00 
264	1
	07 01 00 
265	skill('sk79'.ln12)+skill('sk85'.blvl)*skill('sk85'.par8)
	07 4f 07 00 01 03 07 55 07 29 01 03 07 55 07 0f 01 03 12 10 00 
266	ln34
	04 02 00 
267	ln12
	04 00 00 
268	-dm56
	04 05 15 00 
269	-dm56
	04 05 15 00 
270	-dm56
	04 05 15 00 
271	-dm56
	04 05 15 00 
272	((skill('sk73'.blvl)+skill('sk83'.blvl))+skill('sk78'.blvl))*par8
	07 49 07 29 01 03 07 53 07 29 01 03 10 07 4e 07 29 01 03 10 04 0f 12 00 
273	0
	07 00 00 
274	(((skill('sk78'.blvl)+skill('sk88'.blvl))+skill('sk67'.blvl))+skill('sk84'.blvl))*par8
	07 4e 07 29 01 03 07 58 07 29 01 03 10 07 43 07 29 01 03 10 07 54 07 29 01 03 10 04 0f 12 00 
275	100-dm12
	07 64 04 01 11 00 
276	dm12
	04 01 00 
277	edmn
	04 11 00 
278	edmx
	04 12 00 
279	skill('sk79'.dm34)
	07 4f 07 03 01 03 00 
280	skill('sk79'.ln56)+skill('sk75'.blvl)*skill('sk75'.par8)
	07 4f 07 04 01 03 07 4b 07 29 01 03 07 4b 07 0f 01 03 12 10 00 
281	skill('sk90'.blvl)*skill('sk90'.par8)
	07 5a 07 29 01 03 07 5a 07 0f 01 03 12 00 
282	1
	07 01 00 
283	min(ln56,30)
	04 04 07 1e 01 00 00 
284	skill('sk79'.ln12)+skill('sk85'.blvl)*skill('sk85'.par8)
	07 4f 07 00 01 03 07 55 07 29 01 03 07 55 07 0f 01 03 12 10 00 
285	skill('sk69'.lvl)*skill('sk69'.par4)
	07 45 07 10 01 03 07 45 07 0b 01 03 12 00 
286	par5
	04 0c 00 
287	lvl
	04 10 00 
288	par1+skill('sk69'.lvl)*skill('sk69'.par3)
	04 08 07 45 07 10 01 03 07 45 07 0a 01 03 12 10 00 
289	ln34
	04 02 00 
290	3
	07 03 00 
291	(ln12+skill('sk124'.blvl)*par8)+skill('sk122'.blvl)*par7
	04 00 07 7c 07 29 01 03 04 0f 12 10 07 7a 07 29 01 03 04 0e 12 10 00 
292	par3
	04 0a 00 
293	ln34
	04 02 00 
294	min(250,ln12)
	08 fa 00 04 00 01 00 00 
295	ln12
	04 00 00 
296	ln34
	04 02 00 
297	50
	07 32 00 
298	ln12
	04 00 00 
299	edns
	04 26 00 
300	50
	07 32 00 
301	ln12
	04 00 00 
302	dm34
	04 03 00 
303	skill('sk100'.blvl)
	07 64 07 29 01 03 00 
304	skill('sk100'.blvl)/2
	07 64 07 29 01 03 07 02 13 00 
305	50
	07 32 00 
306	(ln12*(100+skill('sk99'.blvl)*par7))/100
	04 00 07 64 07 63 07 29 01 03 04 0e 12 10 12 07 64 13 00 
307	(ln34*(100+skill('sk99'.blvl)*par7))/100
	04 02 07 64 07 63 07 29 01 03 04 0e 12 10 12 07 64 13 00 
308	(skill('sk112'.blvl)+skill('sk121'.blvl))*par8
	07 70 07 29 01 03 07 79 07 29 01 03 10 04 0f 12 00 
309	ln12
	04 00 00 
310	(enms*par5)/256
	04 34 04 0c 12 08 00 01 13 00 
311	(exms*par5)/256
	04 35 04 0c 12 08 00 01 13 00 
312	50
	07 32 00 
313	skill('sk100'.blvl)*par8+skill('sk125'.blvl)*par7
	07 64 07 29 01 03 04 0f 12 07 7d 07 29 01 03 04 0e 12 10 00 
314	ln12
	04 00 00 
315	ln34
	04 02 00 
316	50
	07 32 00 
317	ln12
	04 00 00 
318	ln34
	04 02 00 
319	50
	07 32 00 
320	ln12
	04 00 00 
321	dm34
	04 03 00 
322	skill('sk105'.blvl)
	07 69 07 29 01 03 00 
323	skill('sk105'.blvl)/2
	07 69 07 29 01 03 07 02 13 00 
324	50
	07 32 00 
325	min((par5+lvl)-1,par6)
	04 0c 04 10 10 07 01 11 04 0d 01 00 00 
326	((lvl<5)?0:((lvl-4)*par4))+skill('sk96'.blvl)*par8
	04 10 07 05 0a 07 00 04 10 07 04 11 04 0b 12 16 07 60 07 29 01 03 04 0f 12 10 00 
327	ln34+(skill('sk115'.blvl)+skill('sk98'.blvl))*par8
	04 02 07 73 07 29 01 03 07 62 07 29 01 03 10 04 0f 12 10 00 
328	ln12
	04 00 00 
329	ln34
	04 02 00 
330	skill('sk108'.blvl)*par8
	07 6c 07 29 01 03 04 0f 12 00 
331	50
	07 32 00 
332	ln12
	04 00 00 
333	100-dm34
	07 64 04 03 11 00 
334	ln56
	04 04 00 
335	50
	07 32 00 
336	ln12
	04 00 00 
337	dm34
	04 03 00 
338	skill('sk110'.blvl)
	07 6e 07 29 01 03 00 
339	skill('sk110'.blvl)/2
	07 6e 07 29 01 03 07 02 13 00 
340	50
	07 32 00 
341	(ln12+skill('sk100'.blvl)*par8)+skill('sk125'.blvl)*par7
	04 00 07 64 07 29 01 03 04 0f 12 10 07 7d 07 29 01 03 04 0e 12 10 00 
342	(ln12+skill('sk105'.blvl)*par8)+skill('sk125'.blvl)*par7
	04 00 07 69 07 29 01 03 04 0f 12 10 07 7d 07 29 01 03 04 0e 12 10 00 
343	(ln12+skill('sk110'.blvl)*par8)+skill('sk125'.blvl)*par7
	04 00 07 6e 07 29 01 03 04 0f 12 10 07 7d 07 29 01 03 04 0e 12 10 00 
344	ln56
	04 04 00 
345	min(90,par3+stat('is459'.accr)/10)
	07 5a 04 0a 08 cb 01 07 00 01 05 07 0a 13 10 01 00 00 
346	3
	07 03 00 
347	75
	07 4b 00 
348	(((skill('sk115'.blvl)+skill('sk108'.blvl))+skill('sk113'.blvl))+stat('is441'.accr))*par8
	07 73 07 29 01 03 07 6c 07 29 01 03 10 07 71 07 29 01 03 10 08 b9 01 07 00 01 05 10 04 0f 12 00 
349	ln12
	04 00 00 
350	ln34
	04 02 00 
351	par5
	04 0c 00 
352	50
	07 32 00 
353	ln12
	04 00 00 
354	-dm34
	04 03 15 00 
355	-dm34
	04 03 15 00 
356	-dm34
	04 03 15 00 
357	(enms*par5)/256
	04 34 04 0c 12 08 00 01 13 00 
358	(exms*par5)/256
	04 35 04 0c 12 08 00 01 13 00 
359	50
	07 32 00 
360	skill('sk105'.blvl)*par8+skill('sk125'.blvl)*par7
	07 69 07 29 01 03 04 0f 12 07 7d 07 29 01 03 04 0e 12 10 00 
361	ln12
	04 00 00 
362	ln34
	04 02 00 
363	ln34
	04 02 00 
364	dm56
	04 05 00 
365	50
	07 32 00 
366	ln56
	04 04 00 
367	min(90,par3+stat('is461'.accr)/10)
	07 5a 04 0a 08 cd 01 07 00 01 05 07 0a 13 10 01 00 00 
368	3
	07 03 00 
369	75
	07 4b 00 
370	((((skill('sk106'.blvl)+skill('sk111'.blvl))+skill('sk96'.blvl))+stat('is443'.accr))*par8)/3
	07 6a 07 29 01 03 07 6f 07 29 01 03 10 07 60 07 29 01 03 10 08 bb 01 07 00 01 05 10 04 0f 12 07 03 13 00 
371	ln12
	04 00 00 
372	dm56
	04 05 00 
373	ln34+skill('sk104'.blvl)*par8
	04 02 07 68 07 29 01 03 04 0f 12 10 00 
374	ln34+skill('sk104'.blvl)*par8
	04 02 07 68 07 29 01 03 04 0f 12 10 00 
375	ln12
	04 00 00 
376	50
	07 32 00 
377	skill('sk110'.blvl)*par8+skill('sk125'.blvl)*par7
	07 6e 07 29 01 03 04 0f 12 07 7d 07 29 01 03 04 0e 12 10 00 
378	ln12
	04 00 00 
379	ln34
	04 02 00 
380	ln56
	04 04 00 
381	1
	07 01 00 
382	50
	07 32 00 
383	skill('sk109'.blvl)*par8
	07 6d 07 29 01 03 04 0f 12 00 
384	ln12
	04 00 00 
385	ln34
	04 02 00 
386	skill('sk99'.edns)
	07 63 07 26 01 03 00 
387	50
	07 32 00 
388	ln56
	04 04 00 
389	min(90,par3+stat('is460'.accr)/10)
	07 5a 04 0a 08 cc 01 07 00 01 05 07 0a 13 10 01 00 00 
390	3
	07 03 00 
391	75
	07 4b 00 
392	ln12
	04 00 00 
393	((((skill('sk110'.blvl)+skill('sk125'.blvl))+skill('sk118'.blvl))+stat('is442'.accr))*par8)/3
	07 6e 07 29 01 03 07 7d 07 29 01 03 10 07 76 07 29 01 03 10 08 ba 01 07 00 01 05 10 04 0f 12 07 03 13 00 
394	ln12
	04 00 00 
395	dm34
	04 03 00 
396	toht
	04 14 00 
397	ln56/2
	04 04 07 02 13 00 
398	ln56
	04 04 00 
399	50
	07 32 00 
400	ln12
	04 00 00 
401	-min(ln34,80)
	04 02 07 50 01 00 15 00 
402	-min(ln34,80)
	04 02 07 50 01 00 15 00 
403	-min(ln34,80)
	04 02 07 50 01 00 15 00 
404	6
	07 06 00 
405	ln12
	04 00 00 
406	50
	07 32 00 
407	dm34
	04 03 00 
408	ln56
	04 04 00 
409	ln56
	04 04 00 
410	ln12
	04 00 00 
411	dm34
	04 03 00 
412	dm34
	04 03 00 
413	dm34
	04 03 00 
414	50
	07 32 00 
415	ln12+skill('sk139'.blvl)*par8
	04 00 08 8b 00 07 29 01 03 04 0f 12 10 00 
416	ln34
	04 02 00 
417	(15+lvl*5)+skill('sk144'.blvl)*par7
	07 0f 04 10 07 05 12 10 08 90 00 07 29 01 03 04 0e 12 10 00 
418	ln12
	04 00 00 
419	ln34
	04 02 00 
420	dm56
	04 05 00 
421	ln12
	04 00 00 
422	ln34
	04 02 00 
423	dm56
	04 05 00 
424	ln12
	04 00 00 
425	ln34
	04 02 00 
426	dm56
	04 05 00 
427	par1*(lvl-1)
	04 08 04 10 07 01 11 12 00 
428	par1*(lvl-1)
	04 08 04 10 07 01 11 12 00 
429	dm12
	04 01 00 
430	dm12
	04 01 00 
431	ln34
	04 02 00 
432	par5
	04 0c 00 
433	skill('sk126'.blvl)*par8
	07 7e 07 29 01 03 04 0f 12 00 
434	par5
	04 0c 00 
435	ln12
	04 00 00 
436	ln34
	04 02 00 
437	dm56
	04 05 00 
438	ln12
	04 00 00 
439	ln34
	04 02 00 
440	dm56
	04 05 00 
441	ln12
	04 00 00 
442	ln34
	04 02 00 
443	dm56
	04 05 00 
444	ln12
	04 00 00 
445	ln34
	04 02 00 
446	ln34+(skill('sk149'.blvl)+skill('sk155'.blvl))*par8
	04 02 08 95 00 07 29 01 03 08 9b 00 07 29 01 03 10 04 0f 12 10 00 
447	ln12
	04 00 00 
448	skill('sk126'.blvl)*par8
	07 7e 07 29 01 03 04 0f 12 00 
449	(10+lvl*5)+skill('sk144'.blvl)*par7
	07 0a 04 10 07 05 12 10 08 90 00 07 29 01 03 04 0e 12 10 00 
450	skill('sk154'.blvl)*par6
	08 9a 00 07 29 01 03 04 0d 12 00 
451	skill('sk133'.blvl)*par8
	08 85 00 07 29 01 03 04 0f 12 00 
452	ln12
	04 00 00 
453	dm12
	04 01 00 
454	ln34+skill('sk132'.blvl)*par8
	04 02 08 84 00 07 29 01 03 04 0f 12 10 00 
455	ln34
	04 02 00 
456	(ln12+skill('sk126'.blvl)*par8)+skill('sk149'.blvl)*par7
	04 00 07 7e 07 29 01 03 04 0f 12 10 08 95 00 07 29 01 03 04 0e 12 10 00 
457	skill('sk152'.blvl)
	08 98 00 07 29 01 03 00 
458	ln12
	04 00 00 
459	ln12
	04 00 00 
460	min(90,par3+stat('is466'.accr)/10)
	07 5a 04 0a 08 d2 01 07 00 01 05 07 0a 13 10 01 00 00 
461	1
	07 01 00 
462	25
	07 19 00 
463	(((skill('sk130'.blvl)+skill('sk137'.blvl))+skill('sk154'.blvl))+stat('is445'.accr))*par8
	08 82 00 07 29 01 03 08 89 00 07 29 01 03 10 08 9a 00 07 29 01 03 10 08 bd 01 07 00 01 05 10 04 0f 12 00 
464	par7
	04 0e 00 
465	dm34
	04 03 00 
466	dm56
	04 05 00 
467	ln12+(skill('sk133'.blvl)+skill('sk137'.blvl))*par8
	04 00 08 85 00 07 29 01 03 08 89 00 07 29 01 03 10 04 0f 12 10 00 
468	skill('sk152'.blvl)
	08 98 00 07 29 01 03 00 
469	dm12
	04 01 00 
470	ln12+(skill('sk138'.blvl)+skill('sk155'.blvl))*par8
	04 00 08 8a 00 07 29 01 03 08 9b 00 07 29 01 03 10 04 0f 12 10 00 
471	ln34
	04 02 00 
472	ln34
	04 02 00 
473	ln34
	04 02 00 
474	ln12
	04 00 00 
475	min(90,par3+stat('is465'.accr)/10)
	07 5a 04 0a 08 d1 01 07 00 01 05 07 0a 13 10 01 00 00 
476	1
	07 01 00 
477	25
	07 19 00 
478	(((skill('sk142'.blvl)+skill('sk131'.blvl))+skill('sk145'.blvl))+stat('is444'.accr))*par8
	08 8e 00 07 29 01 03 08 83 00 07 29 01 03 10 08 91 00 07 29 01 03 10 08 bc 01 07 00 01 05 10 04 0f 12 00 
479	ln12
	04 00 00 
480	ln12
	04 00 00 
481	min(90,par3+stat('is467'.accr)/10)
	07 5a 04 0a 08 d3 01 07 00 01 05 07 0a 13 10 01 00 00 
482	1
	07 01 00 
483	25
	07 19 00 
484	(((skill('sk126'.blvl)+skill('sk139'.blvl))+skill('sk144'.blvl))+stat('is446'.accr))*par8
	07 7e 07 29 01 03 08 8b 00 07 29 01 03 10 08 90 00 07 29 01 03 10 08 be 01 07 00 01 05 10 04 0f 12 00 
485	dm12
	04 01 00 
486	dm12
	04 01 00 
487	dm12
	04 01 00 
488	dm12
	04 01 00 
489	((skill('sk130'.blvl)+skill('sk137'.blvl))+skill('sk146'.blvl))*par8
	08 82 00 07 29 01 03 08 89 00 07 29 01 03 10 08 92 00 07 29 01 03 10 04 0f 12 00 
490	ln12+(skill('sk138'.blvl)+skill('sk149'.blvl))*par8
	04 00 08 8a 00 07 29 01 03 08 95 00 07 29 01 03 10 04 0f 12 10 00 
491	1
	07 01 00 
492	(lvl<5)?lvl:min(12,5+(lvl-5)/3)
	04 10 07 05 0a 04 10 07 0c 07 05 04 10 07 05 11 07 03 13 10 01 00 16 00 
493	10
	07 0a 00 
494	10
	07 0a 00 
495	11
	07 0b 00 
496	19
	07 13 00 
497	ln12
	04 00 00 
498	ln12
	04 00 00 
499	300
	08 2c 01 00 
500	-100
	07 9c 00 
501	20
	07 14 00 
502	ln12
	04 00 00 
503	3
	07 03 00 
504	par1
	04 08 00 
505	3
	07 03 00 
506	15+5*lvl
	07 0f 07 05 04 10 12 10 00 
507	50
	07 32 00 
508	lvl+2
	04 10 07 02 10 00 
509	dm12
	04 01 00 
510	ln12
	04 00 00 
511	ln34
	04 02 00 
512	3
	07 03 00 
513	1
	07 01 00 
514	lvl-1
	04 10 07 01 11 00 
515	2
	07 02 00 
516	0
	07 00 00 
517	par1
	04 08 00 
518	2
	07 02 00 
519	ln12
	04 00 00 
520	-par3*lvl
	04 0a 15 04 10 12 00 
521	lvl-1
	04 10 07 01 11 00 
522	lvl
	04 10 00 
523	20
	07 14 00 
524	3
	07 03 00 
525	4
	07 04 00 
526	7
	07 07 00 
527	25
	07 19 00 
528	ln34
	04 02 00 
529	ln12
	04 00 00 
530	ln12*256
	04 00 08 00 01 12 00 
531	ln12*256
	04 00 08 00 01 12 00 
532	ln34
	04 02 00 
533	ln12
	04 00 00 
534	33
	07 21 00 
535	ln12
	04 00 00 
536	dm34
	04 03 00 
537	dm34
	04 03 00 
538	dm34
	04 03 00 
539	min(lvl,par2)
	04 10 04 09 01 00 00 
540	0
	07 00 00 
541	(ulvl+par1)+lvl
	04 28 04 08 10 04 10 10 00 
542	1
	07 01 00 
543	lvl
	04 10 00 
544	par3*(lvl-1)
	04 0a 04 10 07 01 11 12 00 
545	(ulvl*3)/4+lvl
	04 28 07 03 12 07 04 13 04 10 10 00 
546	1000+skill('sk224'.ln12)
	08 e8 03 08 e0 00 07 00 01 03 10 00 
547	par1
	04 08 00 
548	dm34
	04 03 00 
549	toht
	04 14 00 
550	par2+skill('sk224'.ln34)
	04 09 08 e0 00 07 02 01 03 10 00 
551	25
	07 19 00 
552	15
	07 0f 00 
553	ln12
	04 00 00 
554	(skill('sk229'.blvl)+skill('sk234'.blvl))*par8
	08 e5 00 07 29 01 03 08 ea 00 07 29 01 03 10 04 0f 12 00 
555	100
	07 64 00 
556	100
	07 64 00 
557	1
	07 01 00 
558	lvl
	04 10 00 
559	(lvl-1)*par1
	04 10 07 01 11 04 08 12 00 
560	ulvl
	04 28 00 
561	min(ln78,85)
	04 06 07 55 01 00 00 
562	min(ln78,85)
	04 06 07 55 01 00 00 
563	min(ln78,85)
	04 06 07 55 01 00 00 
564	min(ln78,85)
	04 06 07 55 01 00 00 
565	par4*lvl+ln56
	04 0b 04 10 12 04 04 10 00 
566	ln12
	04 00 00 
567	skill('sk247'.ln12)
	08 f7 00 07 00 01 03 00 
568	min(lvl,par3)
	04 10 04 0a 01 00 00 
569	skill('sk237'.ln12)
	08 ed 00 07 00 01 03 00 
570	ulvl
	04 28 00 
571	1000+skill('sk224'.ln12)
	08 e8 03 08 e0 00 07 00 01 03 10 00 
572	ln12
	04 00 00 
573	ln34
	04 02 00 
574	par5+skill('sk224'.ln34)
	04 0c 08 e0 00 07 02 01 03 10 00 
575	25
	07 19 00 
576	par1
	04 08 00 
577	50
	07 32 00 
578	skill('sk244'.blvl)*par7
	08 f4 00 07 29 01 03 04 0e 12 00 
579	skill('sk225'.blvl)*par8
	08 e1 00 07 29 01 03 04 0f 12 00 
580	ln12/4-2
	04 00 07 04 13 07 02 11 00 
581	ln12/2
	04 00 07 02 13 00 
582	20
	07 14 00 
583	(skill('sk235'.blvl)+skill('sk250'.blvl))*par8
	08 eb 00 07 29 01 03 08 fa 00 07 29 01 03 10 04 0f 12 00 
584	1
	07 01 00 
585	lvl
	04 10 00 
586	lvl
	04 10 00 
587	par3*(lvl-1)
	04 0a 04 10 07 01 11 12 00 
588	(ulvl*3)/4+lvl
	04 28 07 03 12 07 04 13 04 10 10 00 
589	par1
	04 08 00 
590	dm34
	04 03 00 
591	par2*lvl
	04 09 04 10 12 00 
592	par2*lvl
	04 09 04 10 12 00 
593	ln56
	04 04 00 
594	lvl/par7+par8
	04 10 04 0e 13 04 0f 10 00 
595	par4
	04 0b 00 
596	lvl*par3
	04 10 04 0a 12 00 
597	dm56
	04 05 00 
598	0
	07 00 00 
599	lvl/par7+par8
	04 10 04 0e 13 04 0f 10 00 
600	50
	07 32 00 
601	par1
	04 08 00 
602	par2
	04 09 00 
603	(skill('sk225'.blvl)+skill('sk244'.blvl))*par8
	08 e1 00 07 29 01 03 08 f4 00 07 29 01 03 10 04 0f 12 00 
604	((ln12*(100+((skill('sk240'.blvl)+skill('sk245'.blvl))+skill('sk250'.blvl))*par8))/100)*256
	04 00 07 64 08 f0 00 07 29 01 03 08 f5 00 07 29 01 03 10 08 fa 00 07 29 01 03 10 04 0f 12 10 12 07 64 13 08 00 01 12 00 
605	((ln12*(100+((skill('sk240'.blvl)+skill('sk245'.blvl))+skill('sk250'.blvl))*par8))/100)*256
	04 00 07 64 08 f0 00 07 29 01 03 08 f5 00 07 29 01 03 10 08 fa 00 07 29 01 03 10 04 0f 12 10 12 07 64 13 08 00 01 12 00 
606	100
	07 64 00 
607	100
	07 64 00 
608	1
	07 01 00 
609	lvl
	04 10 00 
610	(lvl-1)*par1
	04 10 07 01 11 04 08 12 00 
611	ulvl
	04 28 00 
612	min(ln78,85)
	04 06 07 55 01 00 00 
613	min(ln78,85)
	04 06 07 55 01 00 00 
614	min(ln78,85)
	04 06 07 55 01 00 00 
615	min(ln78,85)
	04 06 07 55 01 00 00 
616	par6*lvl+skill('sk227'.ln56)
	04 0d 04 10 12 08 e3 00 07 04 01 03 10 00 
617	skill('sk227'.ln12)
	08 e3 00 07 00 01 03 00 
618	skill('sk247'.ln12)
	08 f7 00 07 00 01 03 00 
619	min(lvl,par3)
	04 10 04 0a 01 00 00 
620	ln12
	04 00 00 
621	ulvl
	04 28 00 
622	skill('sk222'.blvl)*par8
	08 de 00 07 29 01 03 04 0f 12 00 
623	0
	07 00 00 
624	(((skill('sk225'.blvl)+skill('sk229'.blvl))+skill('sk244'.blvl))+skill('sk234'.blvl))*par8
	08 e1 00 07 29 01 03 08 e5 00 07 29 01 03 10 08 f4 00 07 29 01 03 10 08 ea 00 07 29 01 03 10 04 0f 12 00 
625	par1
	04 08 00 
626	(skill('sk245'.blvl)+skill('sk250'.blvl))*par8
	08 f5 00 07 29 01 03 08 fa 00 07 29 01 03 10 04 0f 12 00 
627	1
	07 01 00 
628	lvl
	04 10 00 
629	lvl
	04 10 00 
630	par3*(lvl-1)
	04 0a 04 10 07 01 11 12 00 
631	(ulvl*3)/4+lvl
	04 28 07 03 12 07 04 13 04 10 10 00 
632	par5
	04 0c 00 
633	dm12
	04 01 00 
634	dm34
	04 03 00 
635	ln12
	04 00 00 
636	min(90,par3+stat('is473'.accr)/10)
	07 5a 04 0a 08 d9 01 07 00 01 05 07 0a 13 10 01 00 00 
637	1
	07 01 00 
638	25
	07 19 00 
639	(((skill('sk224'.blvl)+skill('sk228'.blvl))+skill('sk233'.blvl))+stat('is452'.accr))*par8
	08 e0 00 07 29 01 03 08 e4 00 07 29 01 03 10 08 e9 00 07 29 01 03 10 08 c4 01 07 00 01 05 10 04 0f 12 00 
640	par1
	04 08 00 
641	100
	07 64 00 
642	par2
	04 09 00 
643	skill('sk229'.blvl)*par7
	08 e5 00 07 29 01 03 04 0e 12 00 
644	(skill('sk234'.blvl)+skill('sk249'.blvl))*par8
	08 ea 00 07 29 01 03 08 f9 00 07 29 01 03 10 04 0f 12 00 
645	par2
	04 09 00 
646	1
	07 01 00 
647	par1
	04 08 00 
648	((skill('sk235'.blvl)+skill('sk240'.blvl))+skill('sk250'.blvl))*par8
	08 eb 00 07 29 01 03 08 f0 00 07 29 01 03 10 08 fa 00 07 29 01 03 10 04 0f 12 00 
649	100
	07 64 00 
650	100
	07 64 00 
651	1
	07 01 00 
652	lvl
	04 10 00 
653	(lvl-1)*par1
	04 10 07 01 11 04 08 12 00 
654	ulvl
	04 28 00 
655	min(ln78,85)
	04 06 07 55 01 00 00 
656	min(ln78,85)
	04 06 07 55 01 00 00 
657	min(ln78,85)
	04 06 07 55 01 00 00 
658	min(ln78,85)
	04 06 07 55 01 00 00 
659	ln12
	04 00 00 
660	skill('sk227'.ln12)
	08 e3 00 07 00 01 03 00 
661	skill('sk227'.ln56)
	08 e3 00 07 04 01 03 00 
662	1
	07 01 00 
663	skill('sk237'.ln12)
	08 ed 00 07 00 01 03 00 
664	ulvl
	04 28 00 
665	min((par5+lvl)-1,par6)
	04 0c 04 10 10 07 01 11 04 0d 01 00 00 
666	ln34
	04 02 00 
667	ln12+skill('sk234'.blvl)*par7
	04 00 08 ea 00 07 29 01 03 04 0e 12 10 00 
668	min(90,par3+stat('is472'.accr)/10)
	07 5a 04 0a 08 d8 01 07 00 01 05 07 0a 13 10 01 00 00 
669	1
	07 01 00 
670	75
	07 4b 00 
671	(((skill('sk225'.blvl)+skill('sk229'.blvl))+skill('sk244'.blvl))+stat('is451'.accr))*par8
	08 e1 00 07 29 01 03 08 e5 00 07 29 01 03 10 08 f4 00 07 29 01 03 10 08 c3 01 07 00 01 05 10 04 0f 12 00 
672	ln12+skill('sk235'.blvl)*par7
	04 00 08 eb 00 07 29 01 03 04 0e 12 10 00 
673	min(90,par3+stat('is471'.accr)/10)
	07 5a 04 0a 08 d7 01 07 00 01 05 07 0a 13 10 01 00 00 
674	3
	07 03 00 
675	75
	07 4b 00 
676	(((skill('sk240'.blvl)+skill('sk245'.blvl))+skill('sk235'.blvl))+stat('is450'.accr))*par8
	08 f0 00 07 29 01 03 08 f5 00 07 29 01 03 10 08 eb 00 07 29 01 03 10 08 c2 01 07 00 01 05 10 04 0f 12 00 
677	par1
	04 08 00 
678	(((((skill('sk256'.blvl)+skill('sk276'.blvl))+skill('sk261'.blvl))+skill('sk271'.blvl))+skill('sk262'.blvl))+skill('sk272'.blvl))*par8
	08 00 01 07 29 01 03 08 14 01 07 29 01 03 10 08 05 01 07 29 01 03 10 08 0f 01 07 29 01 03 10 08 06 01 07 29 01 03 10 08 10 01 07 29 01 03 10 04 0f 12 00 
679	ln12
	04 00 00 
680	ln34
	04 02 00 
681	dm56
	04 05 00 
682	ln12
	04 00 00 
683	min(90,par3+stat('is470'.accr)/10)
	07 5a 04 0a 08 d6 01 07 00 01 05 07 0a 13 10 01 00 00 
684	1
	07 01 00 
685	1
	07 01 00 
686	(((skill('sk264'.blvl)+skill('sk273'.blvl))+skill('sk279'.blvl))+stat('is449'.accr))*par8
	08 08 01 07 29 01 03 08 11 01 07 29 01 03 10 08 17 01 07 29 01 03 10 08 c1 01 07 00 01 05 10 04 0f 12 00 
687	par3
	04 0a 00 
688	par4
	04 0b 00 
689	ln12
	04 00 00 
690	lvl/6+1
	04 10 07 06 13 07 01 10 00 
691	dm34
	04 03 00 
692	dm56
	04 05 00 
693	dm56
	04 05 00 
694	ln12
	04 00 00 
695	min(90,par3+stat('is469'.accr)/10)
	07 5a 04 0a 08 d5 01 07 00 01 05 07 0a 13 10 01 00 00 
696	1
	07 01 00 
697	1
	07 01 00 
698	(((skill('sk261'.blvl)+skill('sk271'.blvl))+skill('sk276'.blvl))+stat('is447'.accr))*par8
	08 05 01 07 29 01 03 08 0f 01 07 29 01 03 10 08 14 01 07 29 01 03 10 08 bf 01 07 00 01 05 10 04 0f 12 00 
699	lvl*5
	04 10 07 05 12 00 
700	5
	07 05 00 
701	lvl
	04 10 00 
702	50
	07 32 00 
703	ln12
	04 00 00 
704	dm12
	04 01 00 
705	dm34
	04 03 00 
706	par1
	04 08 00 
707	par2
	04 09 00 
708	par3
	04 0a 00 
709	par4
	04 0b 00 
710	lvl*3
	04 10 07 03 12 00 
711	skill('sk280'.blvl)*par8
	08 18 01 07 29 01 03 04 0f 12 00 
712	ln12+skill('sk252'.blvl)*par8
	04 00 08 fc 00 07 29 01 03 04 0f 12 10 00 
713	5
	07 05 00 
714	lvl
	04 10 00 
715	skill('sk251'.blvl)
	08 fb 00 07 29 01 03 00 
716	skill('sk256'.blvl)
	08 00 01 07 29 01 03 00 
717	skill('sk271'.blvl)
	08 0f 01 07 29 01 03 00 
718	skill('sk276'.blvl)
	08 14 01 07 29 01 03 00 
719	par1+skill('sk271'.blvl)/4
	04 08 08 0f 01 07 29 01 03 07 04 13 10 00 
720	((skill('sk251'.blvl)+skill('sk271'.blvl))+skill('sk276'.blvl))*par8
	08 fb 00 07 29 01 03 08 0f 01 07 29 01 03 10 08 14 01 07 29 01 03 10 04 0f 12 00 
721	5
	07 05 00 
722	lvl
	04 10 00 
723	skill('sk251'.blvl)
	08 fb 00 07 29 01 03 00 
724	skill('sk272'.blvl)
	08 10 01 07 29 01 03 00 
725	(skill('sk251'.blvl)+skill('sk272'.blvl))*par8
	08 fb 00 07 29 01 03 08 10 01 07 29 01 03 10 04 0f 12 00 
726	dm12
	04 01 00 
727	ln34
	04 02 00 
728	dm12
	04 01 00 
729	-min(ln56,95)
	04 04 07 5f 01 00 15 00 
730	ln78
	04 06 00 
731	par3
	04 0a 00 
732	par4
	04 0b 00 
733	ln12
	04 00 00 
734	min(90,par3+stat('is468'.accr)/10)
	07 5a 04 0a 08 d4 01 07 00 01 05 07 0a 13 10 01 00 00 
735	1
	07 01 00 
736	1
	07 01 00 
737	(((skill('sk257'.blvl)+skill('sk277'.blvl))+skill('sk278'.blvl))+stat('is448'.accr))*par8
	08 01 01 07 29 01 03 08 15 01 07 29 01 03 10 08 16 01 07 29 01 03 10 08 c0 01 07 00 01 05 10 04 0f 12 00 
738	dm12
	04 01 00 
739	dm12
	04 01 00 
740	dm12
	04 01 00 
741	dm12
	04 01 00 
742	min(ln78,50)
	04 06 07 32 01 00 00 
743	lvl*par2
	04 10 04 09 12 00 
744	lvl*par3
	04 10 04 0a 12 00 
745	lvl*10
	04 10 07 0a 12 00 
746	lvl*10
	04 10 07 0a 12 00 
747	min(lvl*4,75)
	04 10 07 04 12 07 4b 01 00 00 
748	min(lvl*4,75)
	04 10 07 04 12 07 4b 01 00 00 
749	min(lvl*4,75)
	04 10 07 04 12 07 4b 01 00 00 
750	min(lvl*4,75)
	04 10 07 04 12 07 4b 01 00 00 
751	1
	07 01 00 
752	150
	08 96 00 00 
753	par1
	04 08 00 
754	par3
	04 0a 00 
755	par4
	04 0b 00 
756	skill('sk280'.blvl)*par8
	08 18 01 07 29 01 03 04 0f 12 00 
757	par3
	04 0a 00 
758	ln12
	04 00 00 
759	stat('is330'.accr)
	08 4a 01 07 00 01 05 00 
760	stat('is334'.accr)
	08 4e 01 07 00 01 05 00 
761	3
	07 03 00 
762	lvl
	04 10 00 
763	skill('sk256'.blvl)
	08 00 01 07 29 01 03 00 
764	skill('sk261'.blvl)
	08 05 01 07 29 01 03 00 
765	skill('sk276'.blvl)
	08 14 01 07 29 01 03 00 
766	((skill('sk256'.blvl)+skill('sk261'.blvl))+skill('sk276'.blvl))*par8
	08 00 01 07 29 01 03 08 05 01 07 29 01 03 10 08 14 01 07 29 01 03 10 04 0f 12 00 
767	5
	07 05 00 
768	lvl
	04 10 00 
769	skill('sk251'.blvl)
	08 fb 00 07 29 01 03 00 
770	skill('sk262'.blvl)
	08 06 01 07 29 01 03 00 
771	skill('sk276'.blvl)
	08 14 01 07 29 01 03 00 
772	(skill('sk251'.blvl)+skill('sk276'.blvl))*par7+skill('sk262'.blvl)*par8
	08 fb 00 07 29 01 03 08 14 01 07 29 01 03 10 04 0e 12 08 06 01 07 29 01 03 04 0f 12 10 00 
773	par7
	04 0e 00 
774	par1
	04 08 00 
775	par2
	04 09 00 
776	par3
	04 0a 00 
777	par4
	04 0b 00 
778	skill('sk280'.blvl)*par8
	08 18 01 07 29 01 03 04 0f 12 00 
779	par7
	04 0e 00 
780	25
	07 19 00 
781	stat('is330'.accr)
	08 4a 01 07 00 01 05 00 
782	stat('is334'.accr)
	08 4e 01 07 00 01 05 00 
783	5
	07 05 00 
784	lvl
	04 10 00 
785	lvl
	04 10 00 
786	skill('sk251'.blvl)
	08 fb 00 07 29 01 03 00 
787	skill('sk271'.blvl)
	08 0f 01 07 29 01 03 00 
788	skill('sk271'.blvl)*par8
	08 0f 01 07 29 01 03 04 0f 12 00 
789	ln12
	04 00 00 
790	par4
	04 0b 00 
791	par3
	04 0a 00 
792	ln12
	04 00 00 
793	enms
	04 34 00 
794	exms
	04 35 00 
795	edma
	04 33 00 
796	lvl*par2
	04 10 04 09 12 00 
797	lvl*10
	04 10 07 0a 12 00 
798	lvl*10
	04 10 07 0a 12 00 
799	dm34
	04 03 00 
800	dm34
	04 03 00 
801	dm34
	04 03 00 
802	dm34
	04 03 00 
803	1
	07 01 00 
804	150
	08 96 00 00 
805	par6
	04 0d 00 
806	par5
	04 0c 00 
807	375
	08 77 01 00 
808	par1
	04 08 00 
809	par7
	04 0e 00 
810	par2
	04 09 00 
811	par8
	04 0f 00 
812	8
	07 08 00 
813	lvl-1
	04 10 07 01 11 00 
814	rand(par3,par4)
	04 0a 04 0b 01 02 00 
815	lvl-1
	04 10 07 01 11 00 
816	40
	07 28 00 
817	3
	07 03 00 
818	45
	07 2d 00 
819	ln34
	04 02 00 
820	16
	07 10 00 
821	16
	07 10 00 
822	ln12
	04 00 00 
823	par1
	04 08 00 
824	ln12
	04 00 00 
825	-100
	07 9c 00 
826	min(12,ln12)
	07 0c 04 00 01 00 00 
827	35
	07 23 00 
828	6
	07 06 00 
829	min(24,ln12)
	07 18 04 00 01 00 00 
830	20
	07 14 00 
831	par2
	04 09 00 
832	par3
	04 0a 00 
833	par4
	04 0b 00 
834	par5
	04 0c 00 
835	par6
	04 0d 00 
836	par1
	04 08 00 
837	ln12
	04 00 00 
838	ln34
	04 02 00 
839	ln12
	04 00 00 
840	ln34
	04 02 00 
841	ln56
	04 04 00 
842	ln12
	04 00 00 
843	ln34
	04 02 00 
844	lvl-1
	04 10 07 01 11 00 
845	par5
	04 0c 00 
846	16
	07 10 00 
847	16
	07 10 00 
848	par1
	04 08 00 
849	16
	07 10 00 
850	ln12+skill('sk256'.blvl)/3
	04 00 08 00 01 07 29 01 03 07 03 13 10 00 
851	par8+skill('sk271'.blvl)/4
	04 0f 08 0f 01 07 29 01 03 07 04 13 10 00 
852	10
	07 0a 00 
853	dm12
	04 01 00 
854	96
	07 60 00 
855	ln34
	04 02 00 
856	ln12
	04 00 00 
857	-ln56
	04 04 15 00 
858	ln34
	04 02 00 
859	ln12
	04 00 00 
860	-37
	07 db 00 
861	ln34/2+skill('sk262'.blvl)
	04 02 07 02 13 08 06 01 07 29 01 03 10 00 
862	par1+skill('sk262'.blvl)
	04 08 08 06 01 07 29 01 03 10 00 
863	3
	07 03 00 
864	par8
	04 0f 00 
865	ln34
	04 02 00 
866	par1
	04 08 00 
867	par2
	04 09 00 
868	50
	07 32 00 
869	par8+skill('sk251'.blvl)/3
	04 0f 08 fb 00 07 29 01 03 07 03 13 10 00 
870	par8
	04 0f 00 
871	par1
	04 08 00 
872	par2
	04 09 00 
873	par1
	04 08 00 
874	2
	07 02 00 
875	par1
	04 08 00 
876	2
	07 02 00 
877	lvl+2
	04 10 07 02 10 00 
878	par1
	04 08 00 
879	2
	07 02 00 
880	10
	07 0a 00 
881	dm12
	04 01 00 
882	ln34
	04 02 00 
883	max(250,ln12)
	08 fa 00 04 00 01 01 00 
884	ln12
	04 00 00 
885	dm34
	04 03 00 
886	dm34
	04 03 00 
887	dm34
	04 03 00 
888	par1
	04 08 00 
889	(ln34*(100+skill('sk59'.blvl)*par7))/100
	04 02 07 64 07 3b 07 29 01 03 04 0e 12 10 12 07 64 13 00 
890	ln12
	04 00 00 
891	ln12
	04 00 00 
892	par3
	04 0a 00 
893	12
	07 0c 00 
894	1
	07 01 00 
895	15
	07 0f 00 
896	1500
	08 dc 05 00 
897	33
	07 21 00 
898	33
	07 21 00 
899	33
	07 21 00 
900	min(30,16+lvl)
	07 1e 07 10 04 10 10 01 00 00 
901	par1
	04 08 00 
902	par2
	04 09 00 
903	par5
	04 0c 00 
904	lvl-1
	04 10 07 01 11 00 
905	ln12
	04 00 00 
906	ln12
	04 00 00 
907	ln12
	04 00 00 
908	ln12
	04 00 00 
909	min(60,par3+stat('is462'.accr))
	07 3c 04 0a 08 ce 01 07 00 01 05 10 01 00 00 
910	3
	07 03 00 
911	75
	07 4b 00 
912	12
	07 0c 00 
913	((skill('sk39'.blvl)+skill('sk45'.blvl))+skill('sk64'.blvl))*par8
	07 27 07 29 01 03 07 2d 07 29 01 03 10 07 40 07 29 01 03 10 04 0f 12 00 
914	ln12
	04 00 00 
915	min(60,par3+stat('is464'.accr))
	07 3c 04 0a 08 d0 01 07 00 01 05 10 01 00 00 
916	1
	07 01 00 
917	75
	07 4b 00 
918	15
	07 0f 00 
919	((skill('sk36'.blvl)+skill('sk47'.blvl))+skill('sk41'.blvl))*par8
	07 24 07 29 01 03 07 2f 07 29 01 03 10 07 29 07 29 01 03 10 04 0f 12 00 
920	ln12
	04 00 00 
921	min(60,par3+stat('is463'.accr))
	07 3c 04 0a 08 cf 01 07 00 01 05 10 01 00 00 
922	3
	07 03 00 
923	75
	07 4b 00 
924	12
	07 0c 00 
925	((skill('sk57'.blvl)+skill('sk49'.blvl))+skill('sk48'.blvl))*par8
	07 39 07 29 01 03 07 31 07 29 01 03 10 07 30 07 29 01 03 10 04 0f 12 00 
926	min(ln34,50)
	04 02 07 32 01 00 00 
927	ln12
	04 00 00 
928	ln34
	04 02 00 
929	20
	07 14 00 
930	50
	07 32 00 
931	ln12
	04 00 00 
932	ln34
	04 02 00 
933	20
	07 14 00 
934	50
	07 32 00 
935	25
	07 19 00 
936	ln12
	04 00 00 
937	ln34
	04 02 00 
938	20
	07 14 00 
939	50
	07 32 00 
940	25
	07 19 00 
941	ln12
	04 00 00 
942	ln34
	04 02 00 
943	20
	07 14 00 
944	50
	07 32 00 
945	25
	07 19 00 
946	ln12
	04 00 00 
947	ln34
	04 02 00 
948	20
	07 14 00 
949	50
	07 32 00 
950	25
	07 19 00 
951	ln12
	04 00 00 
952	ln34
	04 02 00 
953	20
	07 14 00 
954	50
	07 32 00 
955	25
	07 19 00 
956	ln12
	04 00 00 
957	ln34
	04 02 00 
958	20
	07 14 00 
959	50
	07 32 00 
960	25
	07 19 00 
961	ln12
	04 00 00 
962	ln12
	04 00 00 
963	ln12
	04 00 00 
964	ln12
	04 00 00 
965	ln12
	04 00 00 
966	ln12
	04 00 00 
967	ln12
	04 00 00 
968	ln12
	04 00 00 
969	ln12
	04 00 00 
970	ln12
	04 00 00 
971	25
	07 19 00 
972	ln12
	04 00 00 
973	ln12
	04 00 00 
974	ln12
	04 00 00 
975	ln12
	04 00 00 
976	ln12
	04 00 00 
977	ln12
	04 00 00 
978	ln12
	04 00 00 
979	ln12
	04 00 00 
980	ln12
	04 00 00 
981	ln12
	04 00 00 
982	1
	07 01 00 
983	ln12
	04 00 00 
984	(skill('sk36'.blvl)+skill('sk47'.blvl))*par8
	07 24 07 29 01 03 07 2f 07 29 01 03 10 04 0f 12 00 
985	min(ln12,6)
	04 00 07 06 01 00 00 
986	par3
	04 0a 00 
987	(((skill('sk78'.blvl)+skill('sk88'.blvl))+skill('sk67'.blvl))+skill('sk93'.blvl))*par8
	07 4e 07 29 01 03 07 58 07 29 01 03 10 07 43 07 29 01 03 10 07 5d 07 29 01 03 10 04 0f 12 00 
988	stat('is329'.accr)
	08 49 01 07 00 01 05 00 
989	stat('is333'.accr)
	08 4d 01 07 00 01 05 00 
990	12
	07 0c 00 
991	lvl
	04 10 00 
992	skill('sk36'.blvl)
	07 24 07 29 01 03 00 
993	skill('sk47'.blvl)
	07 2f 07 29 01 03 00 
994	1
	07 01 00 
995	(skill('sk36'.blvl)+skill('sk47'.blvl))*par8
	07 24 07 29 01 03 07 2f 07 29 01 03 10 04 0f 12 00 
996	ln12
	04 00 00 
997	1
	07 01 00 
998	par1
	04 08 00 
999	ln34/5
	04 02 07 05 13 00 
1000	((skill('sk38'.blvl)+skill('sk49'.blvl))+skill('sk48'.blvl))*par8
	07 26 07 29 01 03 07 31 07 29 01 03 10 07 30 07 29 01 03 10 04 0f 12 00 
1001	(skill('sk47'.blvl)+skill('sk56'.blvl))*par8
	07 2f 07 29 01 03 07 38 07 29 01 03 10 04 0f 12 00 
1002	(skill('sk47'.blvl)+skill('sk56'.blvl))*par8
	07 2f 07 29 01 03 07 38 07 29 01 03 10 04 0f 12 00 
1003	(skill('sk47'.blvl)+skill('sk56'.blvl))*par8
	07 2f 07 29 01 03 07 38 07 29 01 03 10 04 0f 12 00 
1004	(skill('sk47'.blvl)+skill('sk56'.blvl))*par8
	07 2f 07 29 01 03 07 38 07 29 01 03 10 04 0f 12 00 
1005	(skill('sk47'.blvl)+skill('sk56'.blvl))*par8
	07 2f 07 29 01 03 07 38 07 29 01 03 10 04 0f 12 00 
1006	(skill('sk47'.blvl)+skill('sk56'.blvl))*par8
	07 2f 07 29 01 03 07 38 07 29 01 03 10 04 0f 12 00 
1007	(skill('sk47'.blvl)+skill('sk56'.blvl))*par8
	07 2f 07 29 01 03 07 38 07 29 01 03 10 04 0f 12 00 
1008	ln12
	04 00 00 
1009	3
	07 03 00 
1010	ln12+stat('is373'.accr)
	04 00 08 75 01 07 00 01 05 10 00 
1011	-min(ln34,100)
	04 02 07 64 01 00 15 00 
1012	-min(ln34,100)
	04 02 07 64 01 00 15 00 
1013	-min(ln34,100)
	04 02 07 64 01 00 15 00 
1014	-min(ln34,100)
	04 02 07 64 01 00 15 00 
1015	-min(ln34,100)
	04 02 07 64 01 00 15 00 
1016	-min(ln34,100)
	04 02 07 64 01 00 15 00 
1017	6
	07 06 00 
1018	ln12
	04 00 00 
1019	3
	07 03 00 
1020	ln12
	04 00 00 
1021	3
	07 03 00 
1022	ln12
	04 00 00 
1023	3
	07 03 00 
1024	ln12
	04 00 00 
1025	3
	07 03 00 
1026	ln12+stat('is475'.accr)/10
	04 00 08 db 01 07 00 01 05 07 0a 13 10 00 
1027	-(min(ln34,600)+stat('is481'.accr)*10)
	04 02 08 58 02 01 00 08 e1 01 07 00 01 05 07 0a 12 10 15 00 
1028	-(min(ln34,600)+stat('is481'.accr)*10)
	04 02 08 58 02 01 00 08 e1 01 07 00 01 05 07 0a 12 10 15 00 
1029	-(min(ln34,600)+stat('is481'.accr)*10)
	04 02 08 58 02 01 00 08 e1 01 07 00 01 05 07 0a 12 10 15 00 
1030	-(min(ln34,600)+stat('is481'.accr)*10)
	04 02 08 58 02 01 00 08 e1 01 07 00 01 05 07 0a 12 10 15 00 
1031	-(min(ln34,600)+stat('is481'.accr)*10)
	04 02 08 58 02 01 00 08 e1 01 07 00 01 05 07 0a 12 10 15 00 
1032	-(min(ln34,600)+stat('is481'.accr)*10)
	04 02 08 58 02 01 00 08 e1 01 07 00 01 05 07 0a 12 10 15 00 
1033	6
	07 06 00 
1034	ln12+stat('is373'.accr)/10
	04 00 08 75 01 07 00 01 05 07 0a 13 10 00 
1035	-min(ln34,600)
	04 02 08 58 02 01 00 15 00 
1036	-min(ln34,600)
	04 02 08 58 02 01 00 15 00 
1037	-min(ln34,600)
	04 02 08 58 02 01 00 15 00 
1038	-min(ln34,600)
	04 02 08 58 02 01 00 15 00 
1039	-min(ln34,600)
	04 02 08 58 02 01 00 15 00 
1040	-min(ln34,600)
	04 02 08 58 02 01 00 15 00 
1041	6
	07 06 00 
1042	0
	07 00 00 
1043	par1
	04 08 00 
1044	2
	07 02 00 
1045	ln12
	04 00 00 
1046	60
	07 3c 00 
1047	1
	07 01 00 
1048	1
	07 01 00 
1049	12
	07 0c 00 
1050	ln56
	04 04 00 
1051	60
	07 3c 00 
1052	3
	07 03 00 
1053	75
	07 4b 00 
1054	ln12
	04 00 00 
1055	ln12
	04 00 00 
1056	60
	07 3c 00 
1057	3
	07 03 00 
1058	75
	07 4b 00 
1059	15
	07 0f 00 
1060	(((skill('sk240'.blvl)+skill('sk245'.blvl))+skill('sk235'.blvl))+stat('is450'.accr))*par8
	08 f0 00 07 29 01 03 08 f5 00 07 29 01 03 10 08 eb 00 07 29 01 03 10 08 c2 01 07 00 01 05 10 04 0f 12 00 
